straat,huisnummer,huisletter,toevoeging,postcode,plaats
Lageweg,1,"","",1697GK,Schellinkhout
Lageweg,1,A,"",1697GK,Schellinkhout
Lageweg,2,"","",1697GK,Schellinkhout
Lageweg,6,A,"",1697GK,Schellinkhout
Lageweg,6,A,B01,1697GK,Schellinkhout
Lageweg,6,B,"",1697GK,Schellinkhout
Lageweg,6,B,B01,1697GK,Schellinkhout
Dorpsweg,1,"","",1697KA,Schellinkhout
Dorpsweg,10,"","",1697KA,Schellinkhout
Dorpsweg,11,"","",1697KA,Schellinkhout
Dorpsweg,12,"","",1697KA,Schellinkhout
Dorpsweg,13,"","",1697KA,Schellinkhout
Dorpsweg,15,"","",1697KA,Schellinkhout
Dorpsweg,16,"","",1697KA,Schellinkhout
Dorpsweg,16,A,"",1697KA,Schellinkhout
Dorpsweg,17,"","",1697KA,Schellinkhout
Dorpsweg,18,"","",1697KA,Schellinkhout
Dorpsweg,19,"","",1697KA,Schellinkhout
Dorpsweg,2,"","",1697KA,Schellinkhout
Dorpsweg,20,"","",1697KA,Schellinkhout
Dorpsweg,20,"","",1697KA,Schellinkhout
Dorpsweg,20,"","",1697KA,Schellinkhout
Dorpsweg,20,A,"",1697KA,Schellinkhout
Dorpsweg,20,A,"",1697KA,Schellinkhout
Dorpsweg,21,"","",1697KA,Schellinkhout
Dorpsweg,22,"","",1697KA,Schellinkhout
Dorpsweg,24,"","",1697KA,Schellinkhout
Dorpsweg,3,"","",1697KA,Schellinkhout
Dorpsweg,4,"","",1697KA,Schellinkhout
Dorpsweg,5,"","",1697KA,Schellinkhout
Dorpsweg,6,"","",1697KA,Schellinkhout
Dorpsweg,7,"","",1697KA,Schellinkhout
Dorpsweg,8,"","",1697KA,Schellinkhout
Dorpsweg,8,A,"",1697KA,Schellinkhout
Dorpsweg,8,B,"",1697KA,Schellinkhout
Dorpsweg,8,C,"",1697KA,Schellinkhout
Dorpsweg,8,D,"",1697KA,Schellinkhout
Dorpsweg,8,E,"",1697KA,Schellinkhout
Dorpsweg,8,F,"",1697KA,Schellinkhout
Dorpsweg,8,G,"",1697KA,Schellinkhout
Dorpsweg,8,H,"",1697KA,Schellinkhout
Dorpsweg,8,I,"",1697KA,Schellinkhout
Dorpsweg,8,J,"",1697KA,Schellinkhout
Dorpsweg,8,K,"",1697KA,Schellinkhout
Dorpsweg,8,L,"",1697KA,Schellinkhout
Dorpsweg,8,M,"",1697KA,Schellinkhout
Dorpsweg,8,N,"",1697KA,Schellinkhout
Dorpsweg,8,O,"",1697KA,Schellinkhout
Dorpsweg,8,P,"",1697KA,Schellinkhout
Dorpsweg,8,Q,"",1697KA,Schellinkhout
Dorpsweg,8,R,"",1697KA,Schellinkhout
Dorpsweg,8,S,"",1697KA,Schellinkhout
Dorpsweg,8,T,"",1697KA,Schellinkhout
Dorpsweg,8,V,001,1697KA,Schellinkhout
Dorpsweg,8,V,001,1697KA,Schellinkhout
Dorpsweg,8,V,002,1697KA,Schellinkhout
Dorpsweg,8,V,002,1697KA,Schellinkhout
Dorpsweg,8,V,003,1697KA,Schellinkhout
Dorpsweg,8,V,003,1697KA,Schellinkhout
Dorpsweg,8,V,004,1697KA,Schellinkhout
Dorpsweg,8,V,004,1697KA,Schellinkhout
Dorpsweg,8,V,005,1697KA,Schellinkhout
Dorpsweg,8,V,005,1697KA,Schellinkhout
Dorpsweg,8,V,006,1697KA,Schellinkhout
Dorpsweg,8,V,006,1697KA,Schellinkhout
Dorpsweg,8,V,007,1697KA,Schellinkhout
Dorpsweg,8,V,007,1697KA,Schellinkhout
Dorpsweg,9,"","",1697KA,Schellinkhout
Dorpsweg,9,A,"",1697KA,Schellinkhout
Dorpsweg,9,A,B01,1697KA,Schellinkhout
Dorpsweg,25,"","",1697KB,Schellinkhout
Dorpsweg,26,"","",1697KB,Schellinkhout
Dorpsweg,28,"","",1697KB,Schellinkhout
Dorpsweg,29,"","",1697KB,Schellinkhout
Dorpsweg,30,"","",1697KB,Schellinkhout
Dorpsweg,31,"","",1697KB,Schellinkhout
Dorpsweg,32,"","",1697KB,Schellinkhout
Dorpsweg,34,"","",1697KB,Schellinkhout
Dorpsweg,35,"","",1697KB,Schellinkhout
Dorpsweg,37,"","",1697KB,Schellinkhout
Dorpsweg,37,A,"",1697KB,Schellinkhout
Dorpsweg,38,"","",1697KB,Schellinkhout
Dorpsweg,39,"","",1697KB,Schellinkhout
Dorpsweg,40,"","",1697KB,Schellinkhout
Dorpsweg,41,"","",1697KB,Schellinkhout
Dorpsweg,41,A,"",1697KB,Schellinkhout
Dorpsweg,42,"","",1697KB,Schellinkhout
Dorpsweg,43,"","",1697KB,Schellinkhout
Dorpsweg,44,"","",1697KB,Schellinkhout
Dorpsweg,46,"","",1697KB,Schellinkhout
Dorpsweg,46,A,"",1697KB,Schellinkhout
Dorpsweg,47,"","",1697KB,Schellinkhout
Dorpsweg,49,"","",1697KB,Schellinkhout
Dorpsweg,50,"","",1697KC,Schellinkhout
Dorpsweg,50,"","",1697KC,Schellinkhout
Dorpsweg,50,"","",1697KC,Schellinkhout
Dorpsweg,52,"","",1697KC,Schellinkhout
Dorpsweg,52,A,"",1697KC,Schellinkhout
Dorpsweg,52,B,"",1697KC,Schellinkhout
Dorpsweg,52,B,"",1697KC,Schellinkhout
Dorpsweg,53,"","",1697KC,Schellinkhout
Dorpsweg,54,"","",1697KC,Schellinkhout
Dorpsweg,55,"","",1697KC,Schellinkhout
Dorpsweg,58,"","",1697KC,Schellinkhout
Dorpsweg,58,A,"",1697KC,Schellinkhout
Dorpsweg,59,"","",1697KC,Schellinkhout
Dorpsweg,60,"","",1697KC,Schellinkhout
Dorpsweg,61,"","",1697KC,Schellinkhout
Dorpsweg,62,"","",1697KC,Schellinkhout
Dorpsweg,63,"","",1697KC,Schellinkhout
Dorpsweg,64,"","",1697KC,Schellinkhout
Dorpsweg,64,A,"",1697KC,Schellinkhout
Dorpsweg,65,"","",1697KC,Schellinkhout
Dorpsweg,66,"","",1697KC,Schellinkhout
Dorpsweg,67,"","",1697KD,Schellinkhout
Dorpsweg,67,"","",1697KD,Schellinkhout
Dorpsweg,68,"","",1697KD,Schellinkhout
Dorpsweg,69,"","",1697KD,Schellinkhout
Dorpsweg,70,"","",1697KD,Schellinkhout
Dorpsweg,71,"","",1697KD,Schellinkhout
Dorpsweg,71,"","",1697KD,Schellinkhout
Dorpsweg,72,"","",1697KD,Schellinkhout
Dorpsweg,73,"","",1697KD,Schellinkhout
Dorpsweg,73,A,"",1697KD,Schellinkhout
Dorpsweg,74,"","",1697KD,Schellinkhout
Dorpsweg,74,A,"",1697KD,Schellinkhout
Dorpsweg,75,"","",1697KD,Schellinkhout
Dorpsweg,77,"","",1697KD,Schellinkhout
Dorpsweg,78,"","",1697KD,Schellinkhout
Dorpsweg,78,A,"",1697KD,Schellinkhout
Dorpsweg,79,"","",1697KD,Schellinkhout
Dorpsweg,79,A,"",1697KD,Schellinkhout
Dorpsweg,80,"","",1697KD,Schellinkhout
Dorpsweg,81,"","",1697KD,Schellinkhout
Dorpsweg,82,"","",1697KD,Schellinkhout
Dorpsweg,84,"","",1697KD,Schellinkhout
Dorpsweg,88,"","",1697KD,Schellinkhout
Dorpsweg,100,"","",1697KE,Schellinkhout
Dorpsweg,102,"","",1697KE,Schellinkhout
Dorpsweg,104,"","",1697KE,Schellinkhout
Dorpsweg,106,"","",1697KE,Schellinkhout
Dorpsweg,108,"","",1697KE,Schellinkhout
Dorpsweg,110,"","",1697KE,Schellinkhout
Dorpsweg,87,"","",1697KE,Schellinkhout
Dorpsweg,89,"","",1697KE,Schellinkhout
Dorpsweg,90,"","",1697KE,Schellinkhout
Dorpsweg,91,"","",1697KE,Schellinkhout
Dorpsweg,91,A,"",1697KE,Schellinkhout
Dorpsweg,92,"","",1697KE,Schellinkhout
Dorpsweg,93,"","",1697KE,Schellinkhout
Dorpsweg,95,"","",1697KE,Schellinkhout
Dorpsweg,95,A,"",1697KE,Schellinkhout
Dorpsweg,96,"","",1697KE,Schellinkhout
Dorpsweg,98,"","",1697KE,Schellinkhout
Dorpsweg,101,"","",1697KG,Schellinkhout
Dorpsweg,103,"","",1697KG,Schellinkhout
Dorpsweg,105,"","",1697KG,Schellinkhout
Dorpsweg,107,"","",1697KG,Schellinkhout
Dorpsweg,107,"","",1697KG,Schellinkhout
Dorpsweg,107,"","",1697KG,Schellinkhout
Dorpsweg,107,A,"",1697KG,Schellinkhout
Dorpsweg,107,A,"",1697KG,Schellinkhout
Dorpsweg,109,"","",1697KG,Schellinkhout
Dorpsweg,109,"","",1697KG,Schellinkhout
Dorpsweg,109,A,"",1697KG,Schellinkhout
Dorpsweg,109,A,"",1697KG,Schellinkhout
Dorpsweg,109,B,"",1697KG,Schellinkhout
Dorpsweg,109,B,"",1697KG,Schellinkhout
Dorpsweg,109,C,"",1697KG,Schellinkhout
Dorpsweg,112,"","",1697KG,Schellinkhout
Dorpsweg,114,"","",1697KG,Schellinkhout
Dorpsweg,116,"","",1697KG,Schellinkhout
Dorpsweg,116,A,"",1697KG,Schellinkhout
Dorpsweg,118,"","",1697KG,Schellinkhout
Dorpsweg,97,"","",1697KG,Schellinkhout
Dorpsweg,99,"","",1697KG,Schellinkhout
Dorpsweg,111,"","",1697KH,Schellinkhout
Dorpsweg,113,"","",1697KH,Schellinkhout
Dorpsweg,113,A,"",1697KH,Schellinkhout
Dorpsweg,115,"","",1697KH,Schellinkhout
Dorpsweg,117,"","",1697KH,Schellinkhout
Dorpsweg,119,"","",1697KH,Schellinkhout
Dorpsweg,119,"","",1697KH,Schellinkhout
Dorpsweg,119,"","",1697KH,Schellinkhout
Dorpsweg,119,A,"",1697KH,Schellinkhout
Dorpsweg,119,A,"",1697KH,Schellinkhout
Dorpsweg,119,B,"",1697KH,Schellinkhout
Dorpsweg,119,B,"",1697KH,Schellinkhout
Dorpsweg,119,B,"",1697KH,Schellinkhout
Dorpsweg,119,B,"",1697KH,Schellinkhout
Dorpsweg,120,"","",1697KH,Schellinkhout
Dorpsweg,120,A,"",1697KH,Schellinkhout
Dorpsweg,121,"","",1697KH,Schellinkhout
Dorpsweg,122,"","",1697KH,Schellinkhout
Dorpsweg,123,"","",1697KH,Schellinkhout
Dorpsweg,123,A,"",1697KH,Schellinkhout
Dorpsweg,123,B,"",1697KH,Schellinkhout
Dorpsweg,123,B,"",1697KH,Schellinkhout
Dorpsweg,123,C,"",1697KH,Schellinkhout
Dorpsweg,123,C,"",1697KH,Schellinkhout
Dorpsweg,124,"","",1697KH,Schellinkhout
Dorpsweg,124,A,"",1697KH,Schellinkhout
Dorpsweg,126,"","",1697KH,Schellinkhout
Dorpsweg,128,"","",1697KH,Schellinkhout
Dorpsweg,130,"","",1697KH,Schellinkhout
Dorpsweg,130,A,"",1697KH,Schellinkhout
Dorpsweg,132,"","",1697KH,Schellinkhout
Dorpsweg,132,A,"",1697KH,Schellinkhout
Dorpsweg,134,"","",1697KH,Schellinkhout
Dorpsweg,136,"","",1697KH,Schellinkhout
Dorpsweg,138,"","",1697KH,Schellinkhout
Dorpsweg,140,"","",1697KH,Schellinkhout
Dorpsweg,140,A,"",1697KH,Schellinkhout
Dorpsweg,125,"","",1697KJ,Schellinkhout
Dorpsweg,125,A,"",1697KJ,Schellinkhout
Dorpsweg,125,B,"",1697KJ,Schellinkhout
Dorpsweg,125,B,"",1697KJ,Schellinkhout
Dorpsweg,127,"","",1697KJ,Schellinkhout
Dorpsweg,129,"","",1697KJ,Schellinkhout
Dorpsweg,129,A,HS01,1697KJ,Schellinkhout
Dorpsweg,129,A,HS01,1697KJ,Schellinkhout
Dorpsweg,129,A,HS02,1697KJ,Schellinkhout
Dorpsweg,129,A,HS03,1697KJ,Schellinkhout
Dorpsweg,129,A,HS04,1697KJ,Schellinkhout
Dorpsweg,129,A,HS05,1697KJ,Schellinkhout
Dorpsweg,129,A,HS06,1697KJ,Schellinkhout
Dorpsweg,129,A,HS07,1697KJ,Schellinkhout
Dorpsweg,129,A,HS08,1697KJ,Schellinkhout
Dorpsweg,129,A,HS09,1697KJ,Schellinkhout
Dorpsweg,129,A,HS10,1697KJ,Schellinkhout
Dorpsweg,129,A,HS11,1697KJ,Schellinkhout
Dorpsweg,129,A,HS12,1697KJ,Schellinkhout
Dorpsweg,129,A,HS13,1697KJ,Schellinkhout
Dorpsweg,129,A,HS14,1697KJ,Schellinkhout
Dorpsweg,129,A,HS15,1697KJ,Schellinkhout
Dorpsweg,129,A,HS16,1697KJ,Schellinkhout
Dorpsweg,129,A,HS17,1697KJ,Schellinkhout
Dorpsweg,129,A,HS18,1697KJ,Schellinkhout
Dorpsweg,129,A,HS19,1697KJ,Schellinkhout
Dorpsweg,129,A,HS20,1697KJ,Schellinkhout
Dorpsweg,129,A,HS21,1697KJ,Schellinkhout
Dorpsweg,129,A,HS22,1697KJ,Schellinkhout
Dorpsweg,129,A,HS23,1697KJ,Schellinkhout
Dorpsweg,129,A,HS24,1697KJ,Schellinkhout
Dorpsweg,129,A,HS25,1697KJ,Schellinkhout
Dorpsweg,129,A,HS26,1697KJ,Schellinkhout
Dorpsweg,129,A,HS27,1697KJ,Schellinkhout
Dorpsweg,129,A,HS28,1697KJ,Schellinkhout
Dorpsweg,129,A,HS29,1697KJ,Schellinkhout
Dorpsweg,129,A,HS30,1697KJ,Schellinkhout
Dorpsweg,129,A,HS31,1697KJ,Schellinkhout
Dorpsweg,129,A,HS32,1697KJ,Schellinkhout
Dorpsweg,129,A,HS33,1697KJ,Schellinkhout
Dorpsweg,129,A,HS34,1697KJ,Schellinkhout
Dorpsweg,129,A,HS35,1697KJ,Schellinkhout
Dorpsweg,129,A,HS36,1697KJ,Schellinkhout
Dorpsweg,129,A,HS37,1697KJ,Schellinkhout
Dorpsweg,129,A,HS38,1697KJ,Schellinkhout
Dorpsweg,129,A,HS39,1697KJ,Schellinkhout
Dorpsweg,129,A,HS40,1697KJ,Schellinkhout
Dorpsweg,129,A,HS41,1697KJ,Schellinkhout
Dorpsweg,129,A,HS42,1697KJ,Schellinkhout
Dorpsweg,129,A,HS43,1697KJ,Schellinkhout
Dorpsweg,129,A,HS44,1697KJ,Schellinkhout
Dorpsweg,129,A,HS45,1697KJ,Schellinkhout
Dorpsweg,129,A,HS46,1697KJ,Schellinkhout
Dorpsweg,129,A,HS47,1697KJ,Schellinkhout
Dorpsweg,129,A,HS48,1697KJ,Schellinkhout
Dorpsweg,129,A,HS49,1697KJ,Schellinkhout
Dorpsweg,129,A,HS50,1697KJ,Schellinkhout
Dorpsweg,129,A,HS51,1697KJ,Schellinkhout
Dorpsweg,129,A,HS52,1697KJ,Schellinkhout
Dorpsweg,129,A,HS53,1697KJ,Schellinkhout
Dorpsweg,129,A,HS54,1697KJ,Schellinkhout
Dorpsweg,129,A,HS55,1697KJ,Schellinkhout
Dorpsweg,129,A,HS56,1697KJ,Schellinkhout
Dorpsweg,129,A,HS57,1697KJ,Schellinkhout
Dorpsweg,129,A,HS58,1697KJ,Schellinkhout
Dorpsweg,129,A,HS59,1697KJ,Schellinkhout
Dorpsweg,129,A,HS60,1697KJ,Schellinkhout
Dorpsweg,129,A,HS61,1697KJ,Schellinkhout
Dorpsweg,129,A,HS62,1697KJ,Schellinkhout
Dorpsweg,129,A,HS63,1697KJ,Schellinkhout
Dorpsweg,129,A,HS64,1697KJ,Schellinkhout
Dorpsweg,129,A,HS65,1697KJ,Schellinkhout
Dorpsweg,131,"","",1697KJ,Schellinkhout
Dorpsweg,133,"","",1697KJ,Schellinkhout
Dorpsweg,135,"","",1697KJ,Schellinkhout
Dorpsweg,139,"","",1697KJ,Schellinkhout
Dorpsweg,139,A,"",1697KJ,Schellinkhout
Dorpsweg,142,"","",1697KJ,Schellinkhout
Dorpsweg,144,"","",1697KJ,Schellinkhout
Dorpsweg,146,"","",1697KJ,Schellinkhout
Dorpsweg,146,A,"",1697KJ,Schellinkhout
Dorpsweg,146,A,"",1697KJ,Schellinkhout
Dorpsweg,146,B,"",1697KJ,Schellinkhout
Dorpsweg,148,"","",1697KJ,Schellinkhout
Dorpsweg,150,"","",1697KJ,Schellinkhout
Dorpsweg,152,"","",1697KJ,Schellinkhout
Dorpsweg,154,"","",1697KJ,Schellinkhout
Dorpsweg,156,"","",1697KJ,Schellinkhout
Dorpsweg,156,A,"",1697KJ,Schellinkhout
Dorpsweg,158,"","",1697KJ,Schellinkhout
Dorpsweg,160,"","",1697KJ,Schellinkhout
Dorpsweg,141,"","",1697KK,Schellinkhout
Dorpsweg,143,"","",1697KK,Schellinkhout
Dorpsweg,147,"","",1697KK,Schellinkhout
Dorpsweg,151,"","",1697KK,Schellinkhout
Dorpsweg,153,"","",1697KK,Schellinkhout
Dorpsweg,162,"","",1697KK,Schellinkhout
Dorpsweg,164,"","",1697KK,Schellinkhout
Dorpsweg,166,"","",1697KK,Schellinkhout
Dorpsweg,168,"","",1697KK,Schellinkhout
Dorpsweg,170,A,"",1697KK,Schellinkhout
Dorpsweg,170,B,"",1697KK,Schellinkhout
Dorpsweg,172,"","",1697KK,Schellinkhout
Dorpsweg,174,"","",1697KK,Schellinkhout
Dorpsweg,176,"","",1697KK,Schellinkhout
Dorpsweg,178,"","",1697KK,Schellinkhout
Dorpsweg,180,"","",1697KK,Schellinkhout
Zuiderdijk,48,"","",1697KL,Schellinkhout
Zuiderdijk,50,"","",1697KL,Schellinkhout
Zuiderdijk,51,"","",1697KL,Schellinkhout
Zuiderdijk,52,"","",1697KL,Schellinkhout
Zuiderdijk,53,"","",1697KL,Schellinkhout
Zuiderdijk,54,"","",1697KL,Schellinkhout
Zuiderdijk,55,"","",1697KL,Schellinkhout
Zuiderdijk,56,"","",1697KL,Schellinkhout
Zuiderdijk,57,"","",1697KL,Schellinkhout
Zuiderdijk,57,A,"",1697KL,Schellinkhout
Zuiderdijk,58,T,"",1697KL,Schellinkhout
Zuiderdijk,59,"","",1697KL,Schellinkhout
Zuiderdijk,60,"","",1697KL,Schellinkhout
Zuiderdijk,60,A,"",1697KL,Schellinkhout
Zuiderdijk,60,B,"",1697KL,Schellinkhout
Zuiderdijk,60,B,"",1697KL,Schellinkhout
Zuiderdijk,60,B,"",1697KL,Schellinkhout
Ravenstraat,1,"","",1697KM,Schellinkhout
Ravenstraat,11,"","",1697KM,Schellinkhout
Ravenstraat,13,"","",1697KM,Schellinkhout
Ravenstraat,15,"","",1697KM,Schellinkhout
Ravenstraat,17,"","",1697KM,Schellinkhout
Ravenstraat,19,"","",1697KM,Schellinkhout
Ravenstraat,21,"","",1697KM,Schellinkhout
Ravenstraat,23,"","",1697KM,Schellinkhout
Ravenstraat,25,"","",1697KM,Schellinkhout
Ravenstraat,27,"","",1697KM,Schellinkhout
Ravenstraat,29,"","",1697KM,Schellinkhout
Ravenstraat,3,"","",1697KM,Schellinkhout
Ravenstraat,31,"","",1697KM,Schellinkhout
Ravenstraat,39,"","",1697KM,Schellinkhout
Ravenstraat,41,"","",1697KM,Schellinkhout
Ravenstraat,43,"","",1697KM,Schellinkhout
Ravenstraat,45,"","",1697KM,Schellinkhout
Ravenstraat,5,"","",1697KM,Schellinkhout
Ravenstraat,7,"","",1697KM,Schellinkhout
Ravenstraat,9,"","",1697KM,Schellinkhout
Ravenstraat,10,"","",1697KN,Schellinkhout
Ravenstraat,10,A,"",1697KN,Schellinkhout
Ravenstraat,12,"","",1697KN,Schellinkhout
Ravenstraat,14,"","",1697KN,Schellinkhout
Ravenstraat,16,"","",1697KN,Schellinkhout
Ravenstraat,18,"","",1697KN,Schellinkhout
Ravenstraat,2,"","",1697KN,Schellinkhout
Ravenstraat,20,"","",1697KN,Schellinkhout
Ravenstraat,22,"","",1697KN,Schellinkhout
Ravenstraat,24,"","",1697KN,Schellinkhout
Ravenstraat,26,"","",1697KN,Schellinkhout
Ravenstraat,28,"","",1697KN,Schellinkhout
Ravenstraat,30,"","",1697KN,Schellinkhout
Ravenstraat,32,"","",1697KN,Schellinkhout
Ravenstraat,34,"","",1697KN,Schellinkhout
Ravenstraat,36,"","",1697KN,Schellinkhout
Ravenstraat,38,"","",1697KN,Schellinkhout
Ravenstraat,4,"","",1697KN,Schellinkhout
Ravenstraat,40,"","",1697KN,Schellinkhout
Ravenstraat,42,"","",1697KN,Schellinkhout
Ravenstraat,44,"","",1697KN,Schellinkhout
Ravenstraat,46,"","",1697KN,Schellinkhout
Ravenstraat,46,A,G01,1697KN,Schellinkhout
Ravenstraat,46,A,G02,1697KN,Schellinkhout
Ravenstraat,46,A,G03,1697KN,Schellinkhout
Ravenstraat,46,A,G04,1697KN,Schellinkhout
Ravenstraat,46,A,G05,1697KN,Schellinkhout
Ravenstraat,46,A,G06,1697KN,Schellinkhout
Ravenstraat,46,A,G07,1697KN,Schellinkhout
Ravenstraat,46,A,G08,1697KN,Schellinkhout
Ravenstraat,46,A,G09,1697KN,Schellinkhout
Ravenstraat,46,A,G10,1697KN,Schellinkhout
Ravenstraat,46,A,G11,1697KN,Schellinkhout
Ravenstraat,46,A,G12,1697KN,Schellinkhout
Ravenstraat,6,"","",1697KN,Schellinkhout
Ravenstraat,8,"","",1697KN,Schellinkhout
Ravenstraat,60,"","",1697KP,Schellinkhout
Ravenstraat,62,"","",1697KP,Schellinkhout
Ravenstraat,64,"","",1697KP,Schellinkhout
Ravenstraat,66,"","",1697KP,Schellinkhout
Ravenstraat,66,"","",1697KP,Schellinkhout
Ravenstraat,66,"","",1697KP,Schellinkhout
Ravenstraat,66,A,"",1697KP,Schellinkhout
Ravenstraat,100,"","",1697KR,Schellinkhout
Ravenstraat,102,"","",1697KR,Schellinkhout
Ravenstraat,104,"","",1697KR,Schellinkhout
Ravenstraat,106,"","",1697KR,Schellinkhout
Ravenstraat,68,"","",1697KR,Schellinkhout
Ravenstraat,68,A,G01,1697KR,Schellinkhout
Ravenstraat,68,A,G02,1697KR,Schellinkhout
Ravenstraat,68,A,G03,1697KR,Schellinkhout
Ravenstraat,68,A,G04,1697KR,Schellinkhout
Ravenstraat,68,A,G05,1697KR,Schellinkhout
Ravenstraat,68,A,G06,1697KR,Schellinkhout
Ravenstraat,68,A,G07,1697KR,Schellinkhout
Ravenstraat,70,"","",1697KR,Schellinkhout
Ravenstraat,72,"","",1697KR,Schellinkhout
Ravenstraat,74,"","",1697KR,Schellinkhout
Ravenstraat,76,"","",1697KR,Schellinkhout
Ravenstraat,78,"","",1697KR,Schellinkhout
Ravenstraat,80,"","",1697KR,Schellinkhout
Ravenstraat,82,"","",1697KR,Schellinkhout
Ravenstraat,84,"","",1697KR,Schellinkhout
Ravenstraat,86,"","",1697KR,Schellinkhout
Ravenstraat,88,"","",1697KR,Schellinkhout
Ravenstraat,90,"","",1697KR,Schellinkhout
Ravenstraat,92,"","",1697KR,Schellinkhout
Ravenstraat,94,"","",1697KR,Schellinkhout
Ravenstraat,96,"","",1697KR,Schellinkhout
Ravenstraat,98,"","",1697KR,Schellinkhout
Havenweg,1,"","",1697KS,Schellinkhout
Havenweg,1,A,"",1697KS,Schellinkhout
Havenweg,1,B,"",1697KS,Schellinkhout
Havenweg,11,"","",1697KS,Schellinkhout
Havenweg,13,"","",1697KS,Schellinkhout
Havenweg,15,"","",1697KS,Schellinkhout
Havenweg,17,"","",1697KS,Schellinkhout
Havenweg,19,"","",1697KS,Schellinkhout
Havenweg,19,"",001,1697KS,Schellinkhout
Havenweg,19,A,"",1697KS,Schellinkhout
Havenweg,19,A,"",1697KS,Schellinkhout
Havenweg,19,B,"",1697KS,Schellinkhout
Havenweg,21,"","",1697KS,Schellinkhout
Havenweg,23,"","",1697KS,Schellinkhout
Havenweg,25,"","",1697KS,Schellinkhout
Havenweg,27,"","",1697KS,Schellinkhout
Havenweg,29,"","",1697KS,Schellinkhout
Havenweg,3,"","",1697KS,Schellinkhout
Havenweg,31,"","",1697KS,Schellinkhout
Havenweg,33,"","",1697KS,Schellinkhout
Havenweg,35,"","",1697KS,Schellinkhout
Havenweg,37,"","",1697KS,Schellinkhout
Havenweg,39,"","",1697KS,Schellinkhout
Havenweg,41,"","",1697KS,Schellinkhout
Havenweg,43,"","",1697KS,Schellinkhout
Havenweg,45,"","",1697KS,Schellinkhout
Havenweg,47,"","",1697KS,Schellinkhout
Havenweg,5,"","",1697KS,Schellinkhout
Havenweg,7,"","",1697KS,Schellinkhout
Havenweg,9,"","",1697KS,Schellinkhout
Havenweg,10,"","",1697KT,Schellinkhout
Havenweg,12,"","",1697KT,Schellinkhout
Havenweg,14,"","",1697KT,Schellinkhout
Havenweg,16,"","",1697KT,Schellinkhout
Havenweg,18,"","",1697KT,Schellinkhout
Havenweg,2,"","",1697KT,Schellinkhout
Havenweg,20,"","",1697KT,Schellinkhout
Havenweg,22,"","",1697KT,Schellinkhout
Havenweg,24,"","",1697KT,Schellinkhout
Havenweg,26,"","",1697KT,Schellinkhout
Havenweg,28,"","",1697KT,Schellinkhout
Havenweg,30,"","",1697KT,Schellinkhout
Havenweg,32,"","",1697KT,Schellinkhout
Havenweg,4,"","",1697KT,Schellinkhout
Havenweg,6,"","",1697KT,Schellinkhout
Havenweg,8,"","",1697KT,Schellinkhout
Havenweg,34,"","",1697KV,Schellinkhout
Havenweg,36,"","",1697KV,Schellinkhout
Havenweg,38,"","",1697KV,Schellinkhout
Havenweg,40,"","",1697KV,Schellinkhout
Havenweg,42,"","",1697KV,Schellinkhout
Havenweg,44,"","",1697KV,Schellinkhout
Havenweg,46,"","",1697KV,Schellinkhout
Havenweg,48,"","",1697KV,Schellinkhout
Havenweg,50,"","",1697KV,Schellinkhout
Havenweg,52,"","",1697KV,Schellinkhout
Havenweg,54,"","",1697KV,Schellinkhout
Havenweg,56,"","",1697KV,Schellinkhout
Havenweg,58,"","",1697KV,Schellinkhout
Havenweg,60,"","",1697KV,Schellinkhout
Havenweg,62,"","",1697KV,Schellinkhout
Wester Meeweg,1,"","",1697KW,Schellinkhout
Wester Meeweg,10,"","",1697KW,Schellinkhout
Wester Meeweg,11,"","",1697KW,Schellinkhout
Wester Meeweg,12,"","",1697KW,Schellinkhout
Wester Meeweg,13,"","",1697KW,Schellinkhout
Wester Meeweg,14,"","",1697KW,Schellinkhout
Wester Meeweg,16,"","",1697KW,Schellinkhout
Wester Meeweg,18,"","",1697KW,Schellinkhout
Wester Meeweg,2,"","",1697KW,Schellinkhout
Wester Meeweg,20,"","",1697KW,Schellinkhout
Wester Meeweg,22,"","",1697KW,Schellinkhout
Wester Meeweg,24,"","",1697KW,Schellinkhout
Wester Meeweg,26,"","",1697KW,Schellinkhout
Wester Meeweg,28,"","",1697KW,Schellinkhout
Wester Meeweg,3,"","",1697KW,Schellinkhout
Wester Meeweg,4,"","",1697KW,Schellinkhout
Wester Meeweg,5,"","",1697KW,Schellinkhout
Wester Meeweg,6,"","",1697KW,Schellinkhout
Wester Meeweg,7,"","",1697KW,Schellinkhout
Wester Meeweg,8,"","",1697KW,Schellinkhout
Wester Meeweg,9,"","",1697KW,Schellinkhout
De Laan,2,"","",1697KX,Schellinkhout
De Laan,4,"","",1697KX,Schellinkhout
