straat,huisnummer,huisletter,toevoeging,postcode,plaats
Generaal S.H. Spoorstraat,201,"","",3313AC,Dordrecht
Generaal S.H. Spoorstraat,203,"","",3313AC,Dordrecht
Generaal S.H. Spoorstraat,205,"","",3313AC,Dordrecht
Generaal S.H. Spoorstraat,207,"","",3313AC,Dordrecht
Generaal S.H. Spoorstraat,209,"","",3313AC,Dordrecht
Generaal S.H. Spoorstraat,211,"","",3313AC,Dordrecht
Generaal S.H. Spoorstraat,213,"","",3313AC,Dordrecht
Generaal S.H. Spoorstraat,215,"","",3313AC,Dordrecht
Generaal S.H. Spoorstraat,217,"","",3313AC,Dordrecht
Generaal S.H. Spoorstraat,219,"","",3313AC,Dordrecht
Generaal S.H. Spoorstraat,221,"","",3313AC,Dordrecht
Generaal S.H. Spoorstraat,223,"","",3313AC,Dordrecht
Generaal S.H. Spoorstraat,225,"","",3313AC,Dordrecht
Generaal S.H. Spoorstraat,227,"","",3313AC,Dordrecht
Generaal S.H. Spoorstraat,229,"","",3313AC,Dordrecht
Generaal S.H. Spoorstraat,231,"","",3313AC,Dordrecht
Generaal S.H. Spoorstraat,233,"","",3313AC,Dordrecht
Generaal S.H. Spoorstraat,235,"","",3313AC,Dordrecht
Generaal S.H. Spoorstraat,237,"","",3313AC,Dordrecht
Generaal S.H. Spoorstraat,239,"","",3313AC,Dordrecht
Generaal S.H. Spoorstraat,241,"","",3313AC,Dordrecht
Generaal S.H. Spoorstraat,243,"","",3313AC,Dordrecht
Generaal S.H. Spoorstraat,245,"","",3313AC,Dordrecht
Generaal S.H. Spoorstraat,247,"","",3313AC,Dordrecht
Generaal S.H. Spoorstraat,249,"","",3313AC,Dordrecht
Generaal S.H. Spoorstraat,251,"","",3313AC,Dordrecht
Generaal S.H. Spoorstraat,253,"","",3313AC,Dordrecht
Generaal S.H. Spoorstraat,255,"","",3313AC,Dordrecht
Generaal S.H. Spoorstraat,257,"","",3313AC,Dordrecht
Generaal S.H. Spoorstraat,259,"","",3313AC,Dordrecht
Generaal S.H. Spoorstraat,261,"","",3313AC,Dordrecht
Generaal S.H. Spoorstraat,263,"","",3313AC,Dordrecht
Generaal S.H. Spoorstraat,265,"","",3313AC,Dordrecht
Generaal S.H. Spoorstraat,267,"","",3313AC,Dordrecht
Generaal S.H. Spoorstraat,269,"","",3313AC,Dordrecht
Generaal S.H. Spoorstraat,271,"","",3313AC,Dordrecht
Generaal S.H. Spoorstraat,273,"","",3313AC,Dordrecht
Generaal S.H. Spoorstraat,275,"","",3313AC,Dordrecht
Generaal S.H. Spoorstraat,277,"","",3313AC,Dordrecht
Generaal S.H. Spoorstraat,279,"","",3313AC,Dordrecht
Generaal S.H. Spoorstraat,281,"","",3313AC,Dordrecht
Generaal S.H. Spoorstraat,283,"","",3313AC,Dordrecht
Generaal S.H. Spoorstraat,285,"","",3313AD,Dordrecht
Generaal S.H. Spoorstraat,287,"","",3313AD,Dordrecht
Generaal S.H. Spoorstraat,289,"","",3313AD,Dordrecht
Generaal S.H. Spoorstraat,291,"","",3313AD,Dordrecht
Generaal S.H. Spoorstraat,293,"","",3313AD,Dordrecht
Generaal S.H. Spoorstraat,295,"","",3313AD,Dordrecht
Generaal S.H. Spoorstraat,297,"","",3313AD,Dordrecht
Generaal S.H. Spoorstraat,299,"","",3313AD,Dordrecht
Generaal S.H. Spoorstraat,301,"","",3313AD,Dordrecht
Generaal S.H. Spoorstraat,303,"","",3313AD,Dordrecht
Generaal S.H. Spoorstraat,305,"","",3313AD,Dordrecht
Generaal S.H. Spoorstraat,307,"","",3313AD,Dordrecht
Generaal S.H. Spoorstraat,309,"","",3313AD,Dordrecht
Generaal S.H. Spoorstraat,311,"","",3313AD,Dordrecht
Generaal S.H. Spoorstraat,313,"","",3313AD,Dordrecht
Generaal S.H. Spoorstraat,315,"","",3313AD,Dordrecht
Generaal S.H. Spoorstraat,317,"","",3313AD,Dordrecht
Generaal S.H. Spoorstraat,319,"","",3313AD,Dordrecht
Generaal S.H. Spoorstraat,321,"","",3313AD,Dordrecht
Generaal S.H. Spoorstraat,323,"","",3313AD,Dordrecht
Generaal S.H. Spoorstraat,325,"","",3313AD,Dordrecht
Generaal S.H. Spoorstraat,327,"","",3313AD,Dordrecht
Generaal S.H. Spoorstraat,329,"","",3313AD,Dordrecht
Generaal S.H. Spoorstraat,331,"","",3313AD,Dordrecht
Generaal S.H. Spoorstraat,333,"","",3313AD,Dordrecht
Generaal S.H. Spoorstraat,335,"","",3313AD,Dordrecht
Generaal S.H. Spoorstraat,337,"","",3313AD,Dordrecht
Generaal S.H. Spoorstraat,339,"","",3313AD,Dordrecht
Generaal S.H. Spoorstraat,341,"","",3313AD,Dordrecht
Generaal S.H. Spoorstraat,343,"","",3313AD,Dordrecht
Generaal S.H. Spoorstraat,345,"","",3313AD,Dordrecht
Generaal S.H. Spoorstraat,347,"","",3313AD,Dordrecht
Generaal S.H. Spoorstraat,349,"","",3313AD,Dordrecht
Generaal S.H. Spoorstraat,351,"","",3313AD,Dordrecht
Generaal S.H. Spoorstraat,353,"","",3313AD,Dordrecht
Generaal S.H. Spoorstraat,355,"","",3313AD,Dordrecht
Generaal S.H. Spoorstraat,357,"","",3313AD,Dordrecht
Generaal S.H. Spoorstraat,359,"","",3313AD,Dordrecht
Generaal S.H. Spoorstraat,361,"","",3313AD,Dordrecht
Generaal S.H. Spoorstraat,363,"","",3313AD,Dordrecht
Generaal S.H. Spoorstraat,365,"","",3313AD,Dordrecht
Generaal S.H. Spoorstraat,367,"","",3313AD,Dordrecht
Generaal S.H. Spoorstraat,369,"","",3313AE,Dordrecht
Generaal S.H. Spoorstraat,371,"","",3313AE,Dordrecht
Generaal S.H. Spoorstraat,373,"","",3313AE,Dordrecht
Generaal S.H. Spoorstraat,375,"","",3313AE,Dordrecht
Generaal S.H. Spoorstraat,377,"","",3313AE,Dordrecht
Generaal S.H. Spoorstraat,379,"","",3313AE,Dordrecht
Generaal S.H. Spoorstraat,381,"","",3313AE,Dordrecht
Generaal S.H. Spoorstraat,383,"","",3313AE,Dordrecht
Generaal S.H. Spoorstraat,385,"","",3313AE,Dordrecht
Generaal S.H. Spoorstraat,387,"","",3313AE,Dordrecht
Generaal S.H. Spoorstraat,389,"","",3313AE,Dordrecht
Generaal S.H. Spoorstraat,391,"","",3313AE,Dordrecht
Generaal S.H. Spoorstraat,393,"","",3313AE,Dordrecht
Generaal S.H. Spoorstraat,395,"","",3313AE,Dordrecht
Generaal S.H. Spoorstraat,397,"","",3313AE,Dordrecht
Generaal S.H. Spoorstraat,399,"","",3313AE,Dordrecht
Generaal S.H. Spoorstraat,401,"","",3313AE,Dordrecht
Generaal S.H. Spoorstraat,403,"","",3313AE,Dordrecht
Generaal S.H. Spoorstraat,405,"","",3313AE,Dordrecht
Generaal S.H. Spoorstraat,407,"","",3313AE,Dordrecht
Generaal S.H. Spoorstraat,409,"","",3313AE,Dordrecht
Generaal S.H. Spoorstraat,411,"","",3313AE,Dordrecht
Generaal S.H. Spoorstraat,413,"","",3313AE,Dordrecht
Generaal S.H. Spoorstraat,415,"","",3313AE,Dordrecht
Generaal S.H. Spoorstraat,417,"","",3313AE,Dordrecht
Generaal S.H. Spoorstraat,419,"","",3313AE,Dordrecht
Generaal S.H. Spoorstraat,421,"","",3313AE,Dordrecht
Generaal S.H. Spoorstraat,423,"","",3313AE,Dordrecht
Generaal S.H. Spoorstraat,425,"","",3313AE,Dordrecht
Generaal S.H. Spoorstraat,427,"","",3313AE,Dordrecht
Generaal S.H. Spoorstraat,429,"","",3313AE,Dordrecht
Generaal S.H. Spoorstraat,431,"","",3313AE,Dordrecht
Generaal S.H. Spoorstraat,433,"","",3313AE,Dordrecht
Generaal S.H. Spoorstraat,435,"","",3313AE,Dordrecht
Generaal S.H. Spoorstraat,437,"","",3313AE,Dordrecht
Generaal S.H. Spoorstraat,439,"","",3313AE,Dordrecht
Generaal S.H. Spoorstraat,441,"","",3313AE,Dordrecht
Generaal S.H. Spoorstraat,443,"","",3313AE,Dordrecht
Generaal S.H. Spoorstraat,445,"","",3313AE,Dordrecht
Generaal S.H. Spoorstraat,447,"","",3313AE,Dordrecht
Generaal S.H. Spoorstraat,449,"","",3313AE,Dordrecht
Generaal S.H. Spoorstraat,451,"","",3313AE,Dordrecht
Generaal S.H. Spoorstraat,455,"","",3313AG,Dordrecht
Generaal S.H. Spoorstraat,457,"","",3313AG,Dordrecht
Generaal S.H. Spoorstraat,459,"","",3313AG,Dordrecht
Generaal S.H. Spoorstraat,461,"","",3313AG,Dordrecht
Generaal S.H. Spoorstraat,463,"","",3313AG,Dordrecht
Generaal S.H. Spoorstraat,465,"","",3313AG,Dordrecht
Generaal S.H. Spoorstraat,467,"","",3313AG,Dordrecht
Generaal S.H. Spoorstraat,469,"","",3313AG,Dordrecht
Generaal S.H. Spoorstraat,471,"","",3313AG,Dordrecht
Generaal S.H. Spoorstraat,473,"","",3313AG,Dordrecht
Generaal S.H. Spoorstraat,475,"","",3313AG,Dordrecht
Generaal S.H. Spoorstraat,477,"","",3313AG,Dordrecht
Generaal S.H. Spoorstraat,479,"","",3313AG,Dordrecht
Generaal S.H. Spoorstraat,481,"","",3313AG,Dordrecht
Generaal S.H. Spoorstraat,483,"","",3313AG,Dordrecht
Generaal S.H. Spoorstraat,485,"","",3313AG,Dordrecht
Generaal S.H. Spoorstraat,487,"","",3313AG,Dordrecht
Generaal S.H. Spoorstraat,489,"","",3313AG,Dordrecht
Generaal S.H. Spoorstraat,491,"","",3313AG,Dordrecht
Generaal S.H. Spoorstraat,493,"","",3313AG,Dordrecht
Generaal S.H. Spoorstraat,495,"","",3313AG,Dordrecht
Generaal S.H. Spoorstraat,497,"","",3313AG,Dordrecht
Generaal S.H. Spoorstraat,499,"","",3313AG,Dordrecht
Generaal S.H. Spoorstraat,501,"","",3313AG,Dordrecht
Generaal S.H. Spoorstraat,503,"","",3313AG,Dordrecht
Generaal S.H. Spoorstraat,505,"","",3313AG,Dordrecht
Generaal S.H. Spoorstraat,507,"","",3313AG,Dordrecht
Generaal S.H. Spoorstraat,509,"","",3313AG,Dordrecht
Generaal S.H. Spoorstraat,511,"","",3313AG,Dordrecht
Generaal S.H. Spoorstraat,513,"","",3313AG,Dordrecht
Generaal S.H. Spoorstraat,515,"","",3313AG,Dordrecht
Generaal S.H. Spoorstraat,517,"","",3313AG,Dordrecht
Generaal S.H. Spoorstraat,519,"","",3313AG,Dordrecht
Generaal S.H. Spoorstraat,521,"","",3313AG,Dordrecht
Generaal S.H. Spoorstraat,523,"","",3313AG,Dordrecht
Generaal S.H. Spoorstraat,525,"","",3313AG,Dordrecht
Generaal S.H. Spoorstraat,527,"","",3313AG,Dordrecht
Generaal S.H. Spoorstraat,529,"","",3313AG,Dordrecht
Generaal S.H. Spoorstraat,531,"","",3313AG,Dordrecht
Generaal S.H. Spoorstraat,533,"","",3313AG,Dordrecht
Generaal S.H. Spoorstraat,535,"","",3313AG,Dordrecht
Generaal S.H. Spoorstraat,535,A,"",3313AG,Dordrecht
Generaal S.H. Spoorstraat,44,"","",3313AH,Dordrecht
Generaal S.H. Spoorstraat,46,"","",3313AH,Dordrecht
Generaal S.H. Spoorstraat,48,"","",3313AH,Dordrecht
Generaal S.H. Spoorstraat,50,"","",3313AH,Dordrecht
Generaal S.H. Spoorstraat,52,"","",3313AH,Dordrecht
Generaal S.H. Spoorstraat,54,"","",3313AH,Dordrecht
Generaal S.H. Spoorstraat,56,"","",3313AH,Dordrecht
Generaal S.H. Spoorstraat,100,"","",3313AJ,Dordrecht
Generaal S.H. Spoorstraat,102,"","",3313AJ,Dordrecht
Generaal S.H. Spoorstraat,104,"","",3313AJ,Dordrecht
Generaal S.H. Spoorstraat,106,"","",3313AJ,Dordrecht
Generaal S.H. Spoorstraat,108,"","",3313AJ,Dordrecht
Generaal S.H. Spoorstraat,58,"","",3313AJ,Dordrecht
Generaal S.H. Spoorstraat,60,"","",3313AJ,Dordrecht
Generaal S.H. Spoorstraat,62,"","",3313AJ,Dordrecht
Generaal S.H. Spoorstraat,64,"","",3313AJ,Dordrecht
Generaal S.H. Spoorstraat,66,"","",3313AJ,Dordrecht
Generaal S.H. Spoorstraat,68,"","",3313AJ,Dordrecht
Generaal S.H. Spoorstraat,70,"","",3313AJ,Dordrecht
Generaal S.H. Spoorstraat,72,"","",3313AJ,Dordrecht
Generaal S.H. Spoorstraat,74,"","",3313AJ,Dordrecht
Generaal S.H. Spoorstraat,76,"","",3313AJ,Dordrecht
Generaal S.H. Spoorstraat,78,"","",3313AJ,Dordrecht
Generaal S.H. Spoorstraat,80,"","",3313AJ,Dordrecht
Generaal S.H. Spoorstraat,82,"","",3313AJ,Dordrecht
Generaal S.H. Spoorstraat,84,"","",3313AJ,Dordrecht
Generaal S.H. Spoorstraat,86,"","",3313AJ,Dordrecht
Generaal S.H. Spoorstraat,88,"","",3313AJ,Dordrecht
Generaal S.H. Spoorstraat,90,"","",3313AJ,Dordrecht
Generaal S.H. Spoorstraat,92,"","",3313AJ,Dordrecht
Generaal S.H. Spoorstraat,94,"","",3313AJ,Dordrecht
Generaal S.H. Spoorstraat,96,"","",3313AJ,Dordrecht
Generaal S.H. Spoorstraat,98,"","",3313AJ,Dordrecht
Geulstraat,10,"","",3313AK,Dordrecht
Geulstraat,2,"","",3313AK,Dordrecht
Geulstraat,4,"","",3313AK,Dordrecht
Geulstraat,6,"","",3313AK,Dordrecht
Geulstraat,8,"","",3313AK,Dordrecht
Gouwestraat,10,"","",3313AL,Dordrecht
Gouwestraat,2,"","",3313AL,Dordrecht
Gouwestraat,4,"","",3313AL,Dordrecht
Gouwestraat,6,"","",3313AL,Dordrecht
Gouwestraat,8,"","",3313AL,Dordrecht
Adjudant H.P. Kosterstraat,10,"","",3313AM,Dordrecht
Adjudant H.P. Kosterstraat,12,"","",3313AM,Dordrecht
Adjudant H.P. Kosterstraat,14,"","",3313AM,Dordrecht
Adjudant H.P. Kosterstraat,16,"","",3313AM,Dordrecht
Adjudant H.P. Kosterstraat,17,A,"",3313AM,Dordrecht
Adjudant H.P. Kosterstraat,18,"","",3313AM,Dordrecht
Adjudant H.P. Kosterstraat,2,"","",3313AM,Dordrecht
Adjudant H.P. Kosterstraat,20,"","",3313AM,Dordrecht
Adjudant H.P. Kosterstraat,22,"","",3313AM,Dordrecht
Adjudant H.P. Kosterstraat,24,"","",3313AM,Dordrecht
Adjudant H.P. Kosterstraat,26,"","",3313AM,Dordrecht
Adjudant H.P. Kosterstraat,28,"","",3313AM,Dordrecht
Adjudant H.P. Kosterstraat,30,"","",3313AM,Dordrecht
Adjudant H.P. Kosterstraat,32,"","",3313AM,Dordrecht
Adjudant H.P. Kosterstraat,34,"","",3313AM,Dordrecht
Adjudant H.P. Kosterstraat,36,"","",3313AM,Dordrecht
Adjudant H.P. Kosterstraat,38,"","",3313AM,Dordrecht
Adjudant H.P. Kosterstraat,4,"","",3313AM,Dordrecht
Adjudant H.P. Kosterstraat,40,"","",3313AM,Dordrecht
Adjudant H.P. Kosterstraat,42,"","",3313AM,Dordrecht
Adjudant H.P. Kosterstraat,5,"","",3313AM,Dordrecht
Adjudant H.P. Kosterstraat,6,"","",3313AM,Dordrecht
Adjudant H.P. Kosterstraat,8,"","",3313AM,Dordrecht
Jekerstraat,1,"","",3313AN,Dordrecht
Jekerstraat,10,"","",3313AN,Dordrecht
Jekerstraat,11,"","",3313AN,Dordrecht
Jekerstraat,12,"","",3313AN,Dordrecht
Jekerstraat,13,"","",3313AN,Dordrecht
Jekerstraat,14,"","",3313AN,Dordrecht
Jekerstraat,15,"","",3313AN,Dordrecht
Jekerstraat,16,"","",3313AN,Dordrecht
Jekerstraat,17,"","",3313AN,Dordrecht
Jekerstraat,18,"","",3313AN,Dordrecht
Jekerstraat,19,"","",3313AN,Dordrecht
Jekerstraat,2,"","",3313AN,Dordrecht
Jekerstraat,20,"","",3313AN,Dordrecht
Jekerstraat,21,"","",3313AN,Dordrecht
Jekerstraat,22,"","",3313AN,Dordrecht
Jekerstraat,23,"","",3313AN,Dordrecht
Jekerstraat,24,"","",3313AN,Dordrecht
Jekerstraat,25,"","",3313AN,Dordrecht
Jekerstraat,26,"","",3313AN,Dordrecht
Jekerstraat,27,"","",3313AN,Dordrecht
Jekerstraat,28,"","",3313AN,Dordrecht
Jekerstraat,29,"","",3313AN,Dordrecht
Jekerstraat,3,"","",3313AN,Dordrecht
Jekerstraat,30,"","",3313AN,Dordrecht
Jekerstraat,31,"","",3313AN,Dordrecht
Jekerstraat,32,"","",3313AN,Dordrecht
Jekerstraat,33,"","",3313AN,Dordrecht
Jekerstraat,34,"","",3313AN,Dordrecht
Jekerstraat,35,"","",3313AN,Dordrecht
Jekerstraat,36,"","",3313AN,Dordrecht
Jekerstraat,37,"","",3313AN,Dordrecht
Jekerstraat,38,"","",3313AN,Dordrecht
Jekerstraat,39,"","",3313AN,Dordrecht
Jekerstraat,4,"","",3313AN,Dordrecht
Jekerstraat,40,"","",3313AN,Dordrecht
Jekerstraat,41,"","",3313AN,Dordrecht
Jekerstraat,42,"","",3313AN,Dordrecht
Jekerstraat,44,"","",3313AN,Dordrecht
Jekerstraat,46,"","",3313AN,Dordrecht
Jekerstraat,48,"","",3313AN,Dordrecht
Jekerstraat,5,"","",3313AN,Dordrecht
Jekerstraat,50,"","",3313AN,Dordrecht
Jekerstraat,52,"","",3313AN,Dordrecht
Jekerstraat,54,"","",3313AN,Dordrecht
Jekerstraat,6,"","",3313AN,Dordrecht
Jekerstraat,7,"","",3313AN,Dordrecht
Jekerstraat,8,"","",3313AN,Dordrecht
Jekerstraat,9,"","",3313AN,Dordrecht
Schipbeekstraat,1,"","",3313AP,Dordrecht
Schipbeekstraat,11,"","",3313AP,Dordrecht
Schipbeekstraat,13,"","",3313AP,Dordrecht
Schipbeekstraat,15,"","",3313AP,Dordrecht
Schipbeekstraat,17,"","",3313AP,Dordrecht
Schipbeekstraat,19,"","",3313AP,Dordrecht
Schipbeekstraat,19,A,"",3313AP,Dordrecht
Schipbeekstraat,19,B,"",3313AP,Dordrecht
Schipbeekstraat,19,C,"",3313AP,Dordrecht
Schipbeekstraat,19,D,"",3313AP,Dordrecht
Schipbeekstraat,19,E,"",3313AP,Dordrecht
Schipbeekstraat,19,F,"",3313AP,Dordrecht
Schipbeekstraat,19,G,"",3313AP,Dordrecht
Schipbeekstraat,19,H,"",3313AP,Dordrecht
Schipbeekstraat,19,I,"",3313AP,Dordrecht
Schipbeekstraat,19,J,"",3313AP,Dordrecht
Schipbeekstraat,19,K,"",3313AP,Dordrecht
Schipbeekstraat,21,"","",3313AP,Dordrecht
Schipbeekstraat,23,"","",3313AP,Dordrecht
Schipbeekstraat,25,"","",3313AP,Dordrecht
Schipbeekstraat,27,"","",3313AP,Dordrecht
Schipbeekstraat,29,"","",3313AP,Dordrecht
Schipbeekstraat,29,A,"",3313AP,Dordrecht
Schipbeekstraat,29,B,"",3313AP,Dordrecht
Schipbeekstraat,29,C,"",3313AP,Dordrecht
Schipbeekstraat,29,D,"",3313AP,Dordrecht
Schipbeekstraat,29,E,"",3313AP,Dordrecht
Schipbeekstraat,29,F,"",3313AP,Dordrecht
Schipbeekstraat,29,G,"",3313AP,Dordrecht
Schipbeekstraat,29,H,"",3313AP,Dordrecht
Schipbeekstraat,29,I,"",3313AP,Dordrecht
Schipbeekstraat,29,J,"",3313AP,Dordrecht
Schipbeekstraat,29,K,"",3313AP,Dordrecht
Schipbeekstraat,29,L,"",3313AP,Dordrecht
Schipbeekstraat,3,"","",3313AP,Dordrecht
Schipbeekstraat,31,"","",3313AP,Dordrecht
Schipbeekstraat,33,"","",3313AP,Dordrecht
Schipbeekstraat,35,"","",3313AP,Dordrecht
Schipbeekstraat,37,"","",3313AP,Dordrecht
Schipbeekstraat,39,"","",3313AP,Dordrecht
Schipbeekstraat,5,"","",3313AP,Dordrecht
Schipbeekstraat,7,"","",3313AP,Dordrecht
Schipbeekstraat,9,"","",3313AP,Dordrecht
Schipbeekstraat,10,"","",3313AR,Dordrecht
Schipbeekstraat,12,"","",3313AR,Dordrecht
Schipbeekstraat,14,"","",3313AR,Dordrecht
Schipbeekstraat,16,"","",3313AR,Dordrecht
Schipbeekstraat,18,"","",3313AR,Dordrecht
Schipbeekstraat,2,"","",3313AR,Dordrecht
Schipbeekstraat,2,A,"",3313AR,Dordrecht
Schipbeekstraat,2,B,"",3313AR,Dordrecht
Schipbeekstraat,2,C,"",3313AR,Dordrecht
Schipbeekstraat,2,D,"",3313AR,Dordrecht
Schipbeekstraat,2,E,"",3313AR,Dordrecht
Schipbeekstraat,2,F,"",3313AR,Dordrecht
Schipbeekstraat,2,G,"",3313AR,Dordrecht
Schipbeekstraat,2,H,"",3313AR,Dordrecht
Schipbeekstraat,2,I,"",3313AR,Dordrecht
Schipbeekstraat,2,J,"",3313AR,Dordrecht
Schipbeekstraat,2,K,"",3313AR,Dordrecht
Schipbeekstraat,2,L,"",3313AR,Dordrecht
Schipbeekstraat,20,"","",3313AR,Dordrecht
Schipbeekstraat,22,"","",3313AR,Dordrecht
Schipbeekstraat,24,"","",3313AR,Dordrecht
Schipbeekstraat,26,"","",3313AR,Dordrecht
Schipbeekstraat,28,"","",3313AR,Dordrecht
Schipbeekstraat,30,"","",3313AR,Dordrecht
Schipbeekstraat,32,"","",3313AR,Dordrecht
Schipbeekstraat,34,"","",3313AR,Dordrecht
Schipbeekstraat,36,"","",3313AR,Dordrecht
Schipbeekstraat,38,"","",3313AR,Dordrecht
Schipbeekstraat,4,"","",3313AR,Dordrecht
Schipbeekstraat,40,"","",3313AR,Dordrecht
Schipbeekstraat,42,"","",3313AR,Dordrecht
Schipbeekstraat,44,"","",3313AR,Dordrecht
Schipbeekstraat,46,"","",3313AR,Dordrecht
Schipbeekstraat,48,"","",3313AR,Dordrecht
Schipbeekstraat,50,"","",3313AR,Dordrecht
Schipbeekstraat,52,"","",3313AR,Dordrecht
Schipbeekstraat,54,"","",3313AR,Dordrecht
Schipbeekstraat,56,"","",3313AR,Dordrecht
Schipbeekstraat,58,"","",3313AR,Dordrecht
Schipbeekstraat,6,"","",3313AR,Dordrecht
Schipbeekstraat,60,"","",3313AR,Dordrecht
Schipbeekstraat,62,"","",3313AR,Dordrecht
Schipbeekstraat,64,"","",3313AR,Dordrecht
Schipbeekstraat,66,"","",3313AR,Dordrecht
Schipbeekstraat,68,"","",3313AR,Dordrecht
Schipbeekstraat,70,"","",3313AR,Dordrecht
Schipbeekstraat,72,"","",3313AR,Dordrecht
Schipbeekstraat,74,"","",3313AR,Dordrecht
Schipbeekstraat,76,"","",3313AR,Dordrecht
Schipbeekstraat,78,"","",3313AR,Dordrecht
Schipbeekstraat,8,"","",3313AR,Dordrecht
Schipbeekstraat,80,"","",3313AR,Dordrecht
Schipbeekstraat,82,"","",3313AR,Dordrecht
Schipbeekstraat,84,"","",3313AR,Dordrecht
Schipbeekstraat,86,"","",3313AR,Dordrecht
Schipbeekstraat,88,"","",3313AR,Dordrecht
Schipbeekstraat,90,"","",3313AR,Dordrecht
Schipbeekstraat,92,"","",3313AR,Dordrecht
Schipbeekstraat,94,"","",3313AR,Dordrecht
Schipbeekstraat,96,"","",3313AR,Dordrecht
Schipbeekstraat,104,"","",3313AS,Dordrecht
Schipbeekstraat,104,A,"",3313AS,Dordrecht
Schipbeekstraat,104,B,"",3313AS,Dordrecht
Schipbeekstraat,104,C,"",3313AS,Dordrecht
Schipbeekstraat,104,D,"",3313AS,Dordrecht
Schipbeekstraat,104,E,"",3313AS,Dordrecht
Schipbeekstraat,104,F,"",3313AS,Dordrecht
Schipbeekstraat,104,G,"",3313AS,Dordrecht
Schipbeekstraat,104,H,"",3313AS,Dordrecht
Schipbeekstraat,104,I,"",3313AS,Dordrecht
Schipbeekstraat,104,J,"",3313AS,Dordrecht
Schipbeekstraat,104,K,"",3313AS,Dordrecht
Schipbeekstraat,104,L,"",3313AS,Dordrecht
Schipbeekstraat,106,"","",3313AS,Dordrecht
Schipbeekstraat,108,"","",3313AS,Dordrecht
Schipbeekstraat,110,"","",3313AS,Dordrecht
Schipbeekstraat,112,"","",3313AS,Dordrecht
Schipbeekstraat,114,"","",3313AS,Dordrecht
Schipbeekstraat,116,"","",3313AS,Dordrecht
Schipbeekstraat,118,"","",3313AS,Dordrecht
Schipbeekstraat,120,"","",3313AS,Dordrecht
Schipbeekstraat,122,"","",3313AS,Dordrecht
Schipbeekstraat,124,"","",3313AS,Dordrecht
Schipbeekstraat,126,"","",3313AS,Dordrecht
Schipbeekstraat,128,"","",3313AS,Dordrecht
Schipbeekstraat,130,"","",3313AS,Dordrecht
Schipbeekstraat,132,"","",3313AS,Dordrecht
Schipbeekstraat,134,"","",3313AS,Dordrecht
Schipbeekstraat,136,"","",3313AS,Dordrecht
Schipbeekstraat,138,"","",3313AS,Dordrecht
Schipbeekstraat,140,"","",3313AS,Dordrecht
Schipbeekstraat,142,"","",3313AS,Dordrecht
Schipbeekstraat,144,"","",3313AS,Dordrecht
Schipbeekstraat,146,"","",3313AS,Dordrecht
Schipbeekstraat,148,"","",3313AS,Dordrecht
Schipbeekstraat,150,"","",3313AS,Dordrecht
Schipbeekstraat,152,"","",3313AS,Dordrecht
Schipbeekstraat,154,"","",3313AS,Dordrecht
Schipbeekstraat,156,"","",3313AS,Dordrecht
Schipbeekstraat,158,"","",3313AS,Dordrecht
Schipbeekstraat,160,"","",3313AS,Dordrecht
Schipbeekstraat,162,"","",3313AS,Dordrecht
Schipbeekstraat,164,"","",3313AS,Dordrecht
Schipbeekstraat,166,"","",3313AS,Dordrecht
Schipbeekstraat,168,"","",3313AS,Dordrecht
Schipbeekstraat,170,"","",3313AS,Dordrecht
Schipbeekstraat,172,"","",3313AS,Dordrecht
Schipbeekstraat,174,"","",3313AS,Dordrecht
Schipbeekstraat,176,"","",3313AS,Dordrecht
Schipbeekstraat,178,"","",3313AS,Dordrecht
Schipbeekstraat,180,"","",3313AS,Dordrecht
Schipbeekstraat,182,"","",3313AS,Dordrecht
Schipbeekstraat,184,"","",3313AS,Dordrecht
Schipbeekstraat,186,"","",3313AS,Dordrecht
Schipbeekstraat,188,"","",3313AS,Dordrecht
Schipbeekstraat,190,"","",3313AS,Dordrecht
Schipbeekstraat,192,"","",3313AS,Dordrecht
Schipbeekstraat,194,"","",3313AS,Dordrecht
Schipbeekstraat,196,"","",3313AS,Dordrecht
Schipbeekstraat,198,"","",3313AS,Dordrecht
Schipbeekstraat,206,"","",3313AT,Dordrecht
Schipbeekstraat,206,A,"",3313AT,Dordrecht
Schipbeekstraat,206,B,"",3313AT,Dordrecht
Schipbeekstraat,206,C,"",3313AT,Dordrecht
Schipbeekstraat,206,D,"",3313AT,Dordrecht
Schipbeekstraat,206,E,"",3313AT,Dordrecht
Schipbeekstraat,206,F,"",3313AT,Dordrecht
Schipbeekstraat,206,G,"",3313AT,Dordrecht
Schipbeekstraat,206,H,"",3313AT,Dordrecht
Schipbeekstraat,206,I,"",3313AT,Dordrecht
Schipbeekstraat,206,J,"",3313AT,Dordrecht
Schipbeekstraat,206,K,"",3313AT,Dordrecht
Schipbeekstraat,206,L,"",3313AT,Dordrecht
Schipbeekstraat,208,"","",3313AT,Dordrecht
Schipbeekstraat,210,"","",3313AT,Dordrecht
Schipbeekstraat,212,"","",3313AT,Dordrecht
Schipbeekstraat,214,"","",3313AT,Dordrecht
Schipbeekstraat,216,"","",3313AT,Dordrecht
Schipbeekstraat,218,"","",3313AT,Dordrecht
Schipbeekstraat,220,"","",3313AT,Dordrecht
Schipbeekstraat,222,"","",3313AT,Dordrecht
Schipbeekstraat,224,"","",3313AT,Dordrecht
Schipbeekstraat,226,"","",3313AT,Dordrecht
Schipbeekstraat,228,"","",3313AT,Dordrecht
Schipbeekstraat,230,"","",3313AT,Dordrecht
Schipbeekstraat,232,"","",3313AT,Dordrecht
Schipbeekstraat,234,"","",3313AT,Dordrecht
Schipbeekstraat,236,"","",3313AT,Dordrecht
Schipbeekstraat,238,"","",3313AT,Dordrecht
Schipbeekstraat,240,"","",3313AT,Dordrecht
Schipbeekstraat,242,"","",3313AT,Dordrecht
Schipbeekstraat,244,"","",3313AT,Dordrecht
Schipbeekstraat,246,"","",3313AT,Dordrecht
Schipbeekstraat,248,"","",3313AT,Dordrecht
Schipbeekstraat,250,"","",3313AT,Dordrecht
Schipbeekstraat,252,"","",3313AT,Dordrecht
Schipbeekstraat,254,"","",3313AT,Dordrecht
Schipbeekstraat,256,"","",3313AT,Dordrecht
Schipbeekstraat,258,"","",3313AT,Dordrecht
Schipbeekstraat,260,"","",3313AT,Dordrecht
Schipbeekstraat,262,"","",3313AT,Dordrecht
Schipbeekstraat,264,"","",3313AT,Dordrecht
Schipbeekstraat,266,"","",3313AT,Dordrecht
Schipbeekstraat,268,"","",3313AT,Dordrecht
Schipbeekstraat,270,"","",3313AT,Dordrecht
Schipbeekstraat,272,"","",3313AT,Dordrecht
Schipbeekstraat,274,"","",3313AT,Dordrecht
Schipbeekstraat,276,"","",3313AT,Dordrecht
Schipbeekstraat,278,"","",3313AT,Dordrecht
Schipbeekstraat,280,"","",3313AT,Dordrecht
Schipbeekstraat,282,"","",3313AT,Dordrecht
Schipbeekstraat,284,"","",3313AT,Dordrecht
Schipbeekstraat,286,"","",3313AT,Dordrecht
Schipbeekstraat,288,"","",3313AT,Dordrecht
Schipbeekstraat,290,"","",3313AT,Dordrecht
Schipbeekstraat,292,"","",3313AT,Dordrecht
Schipbeekstraat,294,"","",3313AT,Dordrecht
Schipbeekstraat,296,"","",3313AT,Dordrecht
Schipbeekstraat,298,"","",3313AT,Dordrecht
Schipbeekstraat,300,"","",3313AT,Dordrecht
Sloestraat,1,"","",3313AV,Dordrecht
Sloestraat,3,"","",3313AV,Dordrecht
Sloestraat,5,"","",3313AV,Dordrecht
Sloestraat,7,"","",3313AV,Dordrecht
Sloestraat,9,"","",3313AV,Dordrecht
Spaarnestraat,1,"","",3313AW,Dordrecht
Spaarnestraat,11,"","",3313AW,Dordrecht
Spaarnestraat,13,"","",3313AW,Dordrecht
Spaarnestraat,15,"","",3313AW,Dordrecht
Spaarnestraat,17,"","",3313AW,Dordrecht
Spaarnestraat,19,"","",3313AW,Dordrecht
Spaarnestraat,21,"","",3313AW,Dordrecht
Spaarnestraat,23,"","",3313AW,Dordrecht
Spaarnestraat,25,"","",3313AW,Dordrecht
Spaarnestraat,27,"","",3313AW,Dordrecht
Spaarnestraat,29,"","",3313AW,Dordrecht
Spaarnestraat,3,"","",3313AW,Dordrecht
Spaarnestraat,31,"","",3313AW,Dordrecht
Spaarnestraat,33,"","",3313AW,Dordrecht
Spaarnestraat,35,"","",3313AW,Dordrecht
Spaarnestraat,37,"","",3313AW,Dordrecht
Spaarnestraat,39,"","",3313AW,Dordrecht
Spaarnestraat,41,"","",3313AW,Dordrecht
Spaarnestraat,5,"","",3313AW,Dordrecht
Spaarnestraat,7,"","",3313AW,Dordrecht
Spaarnestraat,9,"","",3313AW,Dordrecht
Spaarnestraat,10,"","",3313AX,Dordrecht
Spaarnestraat,12,"","",3313AX,Dordrecht
Spaarnestraat,14,"","",3313AX,Dordrecht
Spaarnestraat,16,"","",3313AX,Dordrecht
Spaarnestraat,18,"","",3313AX,Dordrecht
Spaarnestraat,2,"","",3313AX,Dordrecht
Spaarnestraat,20,"","",3313AX,Dordrecht
Spaarnestraat,22,"","",3313AX,Dordrecht
Spaarnestraat,24,"","",3313AX,Dordrecht
Spaarnestraat,26,"","",3313AX,Dordrecht
Spaarnestraat,28,"","",3313AX,Dordrecht
Spaarnestraat,30,"","",3313AX,Dordrecht
Spaarnestraat,32,"","",3313AX,Dordrecht
Spaarnestraat,34,"","",3313AX,Dordrecht
Spaarnestraat,36,"","",3313AX,Dordrecht
Spaarnestraat,38,"","",3313AX,Dordrecht
Spaarnestraat,4,"","",3313AX,Dordrecht
Spaarnestraat,40,"","",3313AX,Dordrecht
Spaarnestraat,42,"","",3313AX,Dordrecht
Spaarnestraat,42,A,"",3313AX,Dordrecht
Spaarnestraat,44,"","",3313AX,Dordrecht
Spaarnestraat,46,"","",3313AX,Dordrecht
Spaarnestraat,48,"","",3313AX,Dordrecht
Spaarnestraat,50,"","",3313AX,Dordrecht
Spaarnestraat,52,"","",3313AX,Dordrecht
Spaarnestraat,54,"","",3313AX,Dordrecht
Spaarnestraat,6,"","",3313AX,Dordrecht
Spaarnestraat,8,"","",3313AX,Dordrecht
Volkerakweg,11,"","",3313BL,Dordrecht
Volkerakweg,13,"","",3313BL,Dordrecht
Volkerakweg,15,"","",3313BL,Dordrecht
Volkerakweg,17,"","",3313BL,Dordrecht
Volkerakweg,19,"","",3313BL,Dordrecht
Volkerakweg,23,"","",3313BL,Dordrecht
Volkerakweg,25,"","",3313BL,Dordrecht
Volkerakweg,27,"","",3313BL,Dordrecht
Volkerakweg,31,"","",3313BL,Dordrecht
Volkerakweg,33,"","",3313BL,Dordrecht
Volkerakweg,35,"","",3313BL,Dordrecht
Volkerakweg,39,"","",3313BL,Dordrecht
Volkerakweg,41,"","",3313BL,Dordrecht
Volkerakweg,43,"","",3313BL,Dordrecht
Volkerakweg,45,"","",3313BL,Dordrecht
Volkerakweg,47,"","",3313BL,Dordrecht
Volkerakweg,101,"","",3313BM,Dordrecht
Volkerakweg,103,"","",3313BM,Dordrecht
Volkerakweg,105,"","",3313BM,Dordrecht
Volkerakweg,107,"","",3313BM,Dordrecht
Volkerakweg,109,"","",3313BM,Dordrecht
Volkerakweg,111,"","",3313BM,Dordrecht
Volkerakweg,113,"","",3313BM,Dordrecht
Volkerakweg,115,"","",3313BM,Dordrecht
Volkerakweg,117,"","",3313BM,Dordrecht
Volkerakweg,119,"","",3313BM,Dordrecht
Volkerakweg,121,"","",3313BM,Dordrecht
Volkerakweg,49,"","",3313BM,Dordrecht
Volkerakweg,51,"","",3313BM,Dordrecht
Volkerakweg,53,"","",3313BM,Dordrecht
Volkerakweg,55,"","",3313BM,Dordrecht
Volkerakweg,57,"","",3313BM,Dordrecht
Volkerakweg,59,"","",3313BM,Dordrecht
Volkerakweg,61,"","",3313BM,Dordrecht
Volkerakweg,63,"","",3313BM,Dordrecht
Volkerakweg,65,"","",3313BM,Dordrecht
Volkerakweg,67,"","",3313BM,Dordrecht
Volkerakweg,69,"","",3313BM,Dordrecht
Volkerakweg,71,"","",3313BM,Dordrecht
Volkerakweg,73,"","",3313BM,Dordrecht
Volkerakweg,75,"","",3313BM,Dordrecht
Volkerakweg,77,"","",3313BM,Dordrecht
Volkerakweg,79,"","",3313BM,Dordrecht
Volkerakweg,81,"","",3313BM,Dordrecht
Volkerakweg,83,"","",3313BM,Dordrecht
Volkerakweg,85,"","",3313BM,Dordrecht
Volkerakweg,87,"","",3313BM,Dordrecht
Volkerakweg,89,"","",3313BM,Dordrecht
Volkerakweg,91,"","",3313BM,Dordrecht
Volkerakweg,93,"","",3313BM,Dordrecht
Volkerakweg,95,"","",3313BM,Dordrecht
Volkerakweg,97,"","",3313BM,Dordrecht
Volkerakweg,99,"","",3313BM,Dordrecht
Volkerakweg,10,"","",3313BN,Dordrecht
Volkerakweg,12,"","",3313BN,Dordrecht
Volkerakweg,14,"","",3313BN,Dordrecht
Volkerakweg,16,"","",3313BN,Dordrecht
Volkerakweg,18,"","",3313BN,Dordrecht
Volkerakweg,2,"","",3313BN,Dordrecht
Volkerakweg,20,"","",3313BN,Dordrecht
Volkerakweg,22,"","",3313BN,Dordrecht
Volkerakweg,24,"","",3313BN,Dordrecht
Volkerakweg,26,"","",3313BN,Dordrecht
Volkerakweg,28,"","",3313BN,Dordrecht
Volkerakweg,30,"","",3313BN,Dordrecht
Volkerakweg,32,"","",3313BN,Dordrecht
Volkerakweg,34,"","",3313BN,Dordrecht
Volkerakweg,36,"","",3313BN,Dordrecht
Volkerakweg,38,"","",3313BN,Dordrecht
Volkerakweg,4,"","",3313BN,Dordrecht
Volkerakweg,40,"","",3313BN,Dordrecht
Volkerakweg,42,"","",3313BN,Dordrecht
Volkerakweg,44,"","",3313BN,Dordrecht
Volkerakweg,46,"","",3313BN,Dordrecht
Volkerakweg,48,"","",3313BN,Dordrecht
Volkerakweg,50,"","",3313BN,Dordrecht
Volkerakweg,52,"","",3313BN,Dordrecht
Volkerakweg,54,"","",3313BN,Dordrecht
Volkerakweg,56,"","",3313BN,Dordrecht
Volkerakweg,6,"","",3313BN,Dordrecht
Volkerakweg,60,"","",3313BN,Dordrecht
Volkerakweg,60,A,"",3313BN,Dordrecht
Volkerakweg,60,A,"",3313BN,Dordrecht
Volkerakweg,60,A,"",3313BN,Dordrecht
Volkerakweg,8,"","",3313BN,Dordrecht
Wielingenstraat,1,"","",3313EV,Dordrecht
Wielingenstraat,101,"","",3313EV,Dordrecht
Wielingenstraat,103,"","",3313EV,Dordrecht
Wielingenstraat,105,"","",3313EV,Dordrecht
Wielingenstraat,13,"","",3313EV,Dordrecht
Wielingenstraat,15,"","",3313EV,Dordrecht
Wielingenstraat,17,"","",3313EV,Dordrecht
Wielingenstraat,19,"","",3313EV,Dordrecht
Wielingenstraat,21,"","",3313EV,Dordrecht
Wielingenstraat,23,"","",3313EV,Dordrecht
Wielingenstraat,25,"","",3313EV,Dordrecht
Wielingenstraat,27,"","",3313EV,Dordrecht
Wielingenstraat,29,"","",3313EV,Dordrecht
Wielingenstraat,3,"","",3313EV,Dordrecht
Wielingenstraat,31,"","",3313EV,Dordrecht
Wielingenstraat,33,"","",3313EV,Dordrecht
Wielingenstraat,35,"","",3313EV,Dordrecht
Wielingenstraat,37,"","",3313EV,Dordrecht
Wielingenstraat,39,"","",3313EV,Dordrecht
Wielingenstraat,41,"","",3313EV,Dordrecht
Wielingenstraat,43,"","",3313EV,Dordrecht
Wielingenstraat,45,"","",3313EV,Dordrecht
Wielingenstraat,47,"","",3313EV,Dordrecht
Wielingenstraat,49,"","",3313EV,Dordrecht
Wielingenstraat,5,"","",3313EV,Dordrecht
Wielingenstraat,51,"","",3313EV,Dordrecht
Wielingenstraat,53,"","",3313EV,Dordrecht
Wielingenstraat,55,"","",3313EV,Dordrecht
Wielingenstraat,57,"","",3313EV,Dordrecht
Wielingenstraat,59,"","",3313EV,Dordrecht
Wielingenstraat,7,"","",3313EV,Dordrecht
Wielingenstraat,71,"","",3313EV,Dordrecht
Wielingenstraat,73,"","",3313EV,Dordrecht
Wielingenstraat,75,"","",3313EV,Dordrecht
Wielingenstraat,77,"","",3313EV,Dordrecht
Wielingenstraat,79,"","",3313EV,Dordrecht
Wielingenstraat,81,"","",3313EV,Dordrecht
Wielingenstraat,83,"","",3313EV,Dordrecht
Wielingenstraat,85,"","",3313EV,Dordrecht
Wielingenstraat,87,"","",3313EV,Dordrecht
Wielingenstraat,89,"","",3313EV,Dordrecht
Wielingenstraat,91,"","",3313EV,Dordrecht
Wielingenstraat,93,"","",3313EV,Dordrecht
Wielingenstraat,95,"","",3313EV,Dordrecht
Wielingenstraat,97,"","",3313EV,Dordrecht
Wielingenstraat,99,"","",3313EV,Dordrecht
Rivierenplein,1,"","",3313HD,Dordrecht
Rivierenplein,11,"","",3313HD,Dordrecht
Rivierenplein,12,"","",3313HD,Dordrecht
Rivierenplein,13,"","",3313HD,Dordrecht
Rivierenplein,15,"","",3313HD,Dordrecht
Rivierenplein,16,"","",3313HD,Dordrecht
Rivierenplein,17,"","",3313HD,Dordrecht
Rivierenplein,19,"","",3313HD,Dordrecht
Rivierenplein,2,"","",3313HD,Dordrecht
Rivierenplein,20,"","",3313HD,Dordrecht
Rivierenplein,201,"","",3313HD,Dordrecht
Rivierenplein,21,"","",3313HD,Dordrecht
Rivierenplein,23,"","",3313HD,Dordrecht
Rivierenplein,25,"","",3313HD,Dordrecht
Rivierenplein,27,"","",3313HD,Dordrecht
Rivierenplein,29,"","",3313HD,Dordrecht
Rivierenplein,3,"","",3313HD,Dordrecht
Rivierenplein,31,"","",3313HD,Dordrecht
Rivierenplein,33,"","",3313HD,Dordrecht
Rivierenplein,35,"","",3313HD,Dordrecht
Rivierenplein,37,"","",3313HD,Dordrecht
Rivierenplein,39,"","",3313HD,Dordrecht
Rivierenplein,4,"","",3313HD,Dordrecht
Rivierenplein,41,"","",3313HD,Dordrecht
Rivierenplein,5,"","",3313HD,Dordrecht
Rivierenplein,6,"","",3313HD,Dordrecht
Rivierenplein,7,"","",3313HD,Dordrecht
Rivierenplein,9,"","",3313HD,Dordrecht
Rivierenplein,62,"","",3313HE,Dordrecht
Rivierenplein,64,"","",3313HE,Dordrecht
Rivierenplein,66,"","",3313HE,Dordrecht
Rivierenplein,68,"","",3313HE,Dordrecht
Rivierenplein,70,"","",3313HE,Dordrecht
Rivierenplein,72,"","",3313HE,Dordrecht
Rivierenplein,74,"","",3313HE,Dordrecht
Rivierenplein,76,"","",3313HE,Dordrecht
Rivierenplein,78,"","",3313HE,Dordrecht
Rivierenplein,80,"","",3313HE,Dordrecht
Rivierenplein,82,"","",3313HE,Dordrecht
Rivierenplein,84,"","",3313HE,Dordrecht
Rivierenplein,86,"","",3313HE,Dordrecht
Rivierenplein,88,"","",3313HE,Dordrecht
Rivierenplein,90,"","",3313HE,Dordrecht
Rivierenplein,92,"","",3313HE,Dordrecht
Rivierenplein,94,"","",3313HE,Dordrecht
Rivierenplein,96,"","",3313HE,Dordrecht
Rivierenplein,100,"","",3313HG,Dordrecht
Rivierenplein,102,"","",3313HG,Dordrecht
Rivierenplein,104,"","",3313HG,Dordrecht
Rivierenplein,106,"","",3313HG,Dordrecht
Rivierenplein,108,"","",3313HG,Dordrecht
Rivierenplein,110,"","",3313HG,Dordrecht
Rivierenplein,112,"","",3313HG,Dordrecht
Rivierenplein,114,"","",3313HG,Dordrecht
Rivierenplein,116,"","",3313HG,Dordrecht
Rivierenplein,118,"","",3313HG,Dordrecht
Rivierenplein,120,"","",3313HG,Dordrecht
Rivierenplein,122,"","",3313HG,Dordrecht
Rivierenplein,124,"","",3313HG,Dordrecht
Rivierenplein,126,"","",3313HG,Dordrecht
Rivierenplein,128,"","",3313HG,Dordrecht
Rivierenplein,130,"","",3313HG,Dordrecht
Rivierenplein,132,"","",3313HG,Dordrecht
Rivierenplein,134,"","",3313HG,Dordrecht
Rivierenplein,136,"","",3313HG,Dordrecht
Rivierenplein,138,"","",3313HG,Dordrecht
Rivierenplein,140,"","",3313HG,Dordrecht
Rivierenplein,98,"","",3313HG,Dordrecht
