straat,huisnummer,huisletter,toevoeging,postcode,plaats
Oudenhove,1,"","",4901CA,Oosterhout
Oudenhove,10,"","",4901CA,Oosterhout
Oudenhove,11,"","",4901CA,Oosterhout
Oudenhove,12,"","",4901CA,Oosterhout
Oudenhove,13,"","",4901CA,Oosterhout
Oudenhove,14,"","",4901CA,Oosterhout
Oudenhove,15,"","",4901CA,Oosterhout
Oudenhove,16,"","",4901CA,Oosterhout
Oudenhove,17,"","",4901CA,Oosterhout
Oudenhove,18,"","",4901CA,Oosterhout
Oudenhove,19,"","",4901CA,Oosterhout
Oudenhove,2,"","",4901CA,Oosterhout
Oudenhove,2,"",G802,4901CA,Oosterhout
Oudenhove,2,"",G804,4901CA,Oosterhout
Oudenhove,2,"",G806,4901CA,Oosterhout
Oudenhove,2,"",G808,4901CA,Oosterhout
Oudenhove,2,"",G810,4901CA,Oosterhout
Oudenhove,2,"",G812,4901CA,Oosterhout
Oudenhove,20,"","",4901CA,Oosterhout
Oudenhove,21,"","",4901CA,Oosterhout
Oudenhove,22,"","",4901CA,Oosterhout
Oudenhove,24,"","",4901CA,Oosterhout
Oudenhove,26,"","",4901CA,Oosterhout
Oudenhove,28,"","",4901CA,Oosterhout
Oudenhove,3,"","",4901CA,Oosterhout
Oudenhove,30,"","",4901CA,Oosterhout
Oudenhove,32,"","",4901CA,Oosterhout
Oudenhove,34,"","",4901CA,Oosterhout
Oudenhove,36,"","",4901CA,Oosterhout
Oudenhove,38,"","",4901CA,Oosterhout
Oudenhove,4,"","",4901CA,Oosterhout
Oudenhove,40,"","",4901CA,Oosterhout
Oudenhove,42,"","",4901CA,Oosterhout
Oudenhove,44,"","",4901CA,Oosterhout
Oudenhove,46,"","",4901CA,Oosterhout
Oudenhove,5,"","",4901CA,Oosterhout
Oudenhove,6,"","",4901CA,Oosterhout
Oudenhove,7,"","",4901CA,Oosterhout
Oudenhove,8,"","",4901CA,Oosterhout
Oudenhove,9,"","",4901CA,Oosterhout
Oudenhove,48,"","",4901CB,Oosterhout
Oudenhove,50,"","",4901CB,Oosterhout
Oudenhove,52,"","",4901CB,Oosterhout
Oudenhove,54,"","",4901CB,Oosterhout
Oudenhove,56,"","",4901CB,Oosterhout
Oudenhove,58,"","",4901CB,Oosterhout
Oudenhove,60,"","",4901CB,Oosterhout
Oudenhove,62,"","",4901CB,Oosterhout
Oudenhove,64,"","",4901CB,Oosterhout
Oudenhove,66,"","",4901CB,Oosterhout
Oudenhove,68,"","",4901CB,Oosterhout
Oudenhove,70,"","",4901CB,Oosterhout
Oudenhove,72,"","",4901CB,Oosterhout
Oudenhove,74,"","",4901CB,Oosterhout
Oudenhove,76,"","",4901CB,Oosterhout
Oudenhove,78,"","",4901CB,Oosterhout
Oudenhove,100,"","",4901CC,Oosterhout
Oudenhove,102,"","",4901CC,Oosterhout
Oudenhove,104,"","",4901CC,Oosterhout
Oudenhove,106,"","",4901CC,Oosterhout
Oudenhove,108,"","",4901CC,Oosterhout
Oudenhove,110,"","",4901CC,Oosterhout
Oudenhove,112,"","",4901CC,Oosterhout
Oudenhove,114,"","",4901CC,Oosterhout
Oudenhove,116,"","",4901CC,Oosterhout
Oudenhove,118,"","",4901CC,Oosterhout
Oudenhove,120,"","",4901CC,Oosterhout
Oudenhove,122,"","",4901CC,Oosterhout
Oudenhove,80,"","",4901CC,Oosterhout
Oudenhove,90,"","",4901CC,Oosterhout
Oudenhove,92,"","",4901CC,Oosterhout
Oudenhove,94,"","",4901CC,Oosterhout
Oudenhove,96,"","",4901CC,Oosterhout
Oudenhove,98,"","",4901CC,Oosterhout
Oudenhove,124,"","",4901CD,Oosterhout
Oudenhove,126,"","",4901CD,Oosterhout
Oudenhove,128,"","",4901CD,Oosterhout
Oudenhove,130,"","",4901CD,Oosterhout
Oudenhove,132,"","",4901CD,Oosterhout
Oudenhove,134,"","",4901CD,Oosterhout
Oudenhove,136,"","",4901CD,Oosterhout
Oudenhove,138,"","",4901CD,Oosterhout
Oudenhove,140,"","",4901CD,Oosterhout
Oudenhove,142,"","",4901CD,Oosterhout
Oudenhove,144,"","",4901CD,Oosterhout
Oudenhove,146,A,"",4901CD,Oosterhout
Oudenhove,148,"","",4901CD,Oosterhout
Oudenhove,150,"","",4901CD,Oosterhout
Oudenhove,152,"","",4901CD,Oosterhout
Oudenhove,154,"","",4901CD,Oosterhout
Oudenhove,156,"","",4901CD,Oosterhout
Oudenhove,156,"","",4901CD,Oosterhout
Oudenhove,156,A,"",4901CD,Oosterhout
Oudenhove,158,"",G814,4901CD,Oosterhout
Oudenhove,158,"",G816,4901CD,Oosterhout
Oudenhove,158,"",G818,4901CD,Oosterhout
Oudenhove,158,"",G820,4901CD,Oosterhout
Oudenhove,158,"",G822,4901CD,Oosterhout
Oudenhove,158,"",G824,4901CD,Oosterhout
Oudenhove,158,"",G826,4901CD,Oosterhout
Oudenhove,160,"","",4901CE,Oosterhout
Oudenhove,162,"","",4901CE,Oosterhout
Oudenhove,164,"","",4901CE,Oosterhout
Oudenhove,166,"","",4901CE,Oosterhout
Oudenhove,168,"","",4901CE,Oosterhout
Oudenhove,170,"","",4901CE,Oosterhout
Oudenhove,172,"","",4901CE,Oosterhout
Oudenhove,174,"","",4901CE,Oosterhout
Oudenhove,176,"","",4901CE,Oosterhout
Oudenhove,178,"","",4901CE,Oosterhout
Oudenhove,180,"","",4901CE,Oosterhout
Oudenhove,182,"","",4901CE,Oosterhout
Oudenhove,184,"","",4901CE,Oosterhout
Oudenhove,186,"","",4901CE,Oosterhout
Oudenhove,188,"","",4901CE,Oosterhout
Oudenhove,190,"","",4901CE,Oosterhout
Oudenhove,192,"","",4901CE,Oosterhout
Oudenhove,194,"","",4901CE,Oosterhout
Oudenhove,196,"","",4901CE,Oosterhout
Oudenhove,198,"","",4901CE,Oosterhout
Oudenhove,200,"","",4901CE,Oosterhout
Oudenhove,202,"","",4901CE,Oosterhout
Oudenhove,204,"","",4901CE,Oosterhout
Oudenhove,206,"","",4901CE,Oosterhout
Oudenhove,208,"","",4901CG,Oosterhout
Oudenhove,210,"","",4901CG,Oosterhout
Oudenhove,212,"","",4901CG,Oosterhout
Oudenhove,214,"","",4901CG,Oosterhout
Oudenhove,216,"","",4901CG,Oosterhout
Oudenhove,218,"","",4901CG,Oosterhout
Oudenhove,220,"","",4901CG,Oosterhout
Oudenhove,222,"","",4901CG,Oosterhout
Oudenhove,224,"","",4901CG,Oosterhout
Oudenhove,226,"","",4901CG,Oosterhout
Oudenhove,228,"","",4901CG,Oosterhout
Oudenhove,230,"","",4901CG,Oosterhout
Oudenhove,232,"","",4901CG,Oosterhout
Oudenhove,234,"","",4901CG,Oosterhout
Oudenhove,236,"","",4901CG,Oosterhout
Oudenhove,238,"","",4901CG,Oosterhout
Oudenhove,240,"","",4901CG,Oosterhout
Oudenhove,242,"","",4901CG,Oosterhout
Oudenhove,244,"","",4901CG,Oosterhout
Oudenhove,246,"","",4901CG,Oosterhout
Oudenhove,248,"","",4901CG,Oosterhout
Middachten,1,"","",4901CH,Oosterhout
Middachten,11,"","",4901CH,Oosterhout
Middachten,13,"","",4901CH,Oosterhout
Middachten,15,"","",4901CH,Oosterhout
Middachten,17,"","",4901CH,Oosterhout
Middachten,19,"","",4901CH,Oosterhout
Middachten,21,"","",4901CH,Oosterhout
Middachten,23,"","",4901CH,Oosterhout
Middachten,25,"","",4901CH,Oosterhout
Middachten,3,"","",4901CH,Oosterhout
Middachten,5,"","",4901CH,Oosterhout
Middachten,7,"","",4901CH,Oosterhout
Middachten,9,"","",4901CH,Oosterhout
Middachten,27,"","",4901CJ,Oosterhout
Middachten,29,"","",4901CJ,Oosterhout
Middachten,31,"","",4901CJ,Oosterhout
Middachten,33,"","",4901CJ,Oosterhout
Middachten,35,"","",4901CJ,Oosterhout
Middachten,37,"","",4901CJ,Oosterhout
Middachten,39,"","",4901CJ,Oosterhout
Middachten,41,"","",4901CJ,Oosterhout
Middachten,43,"","",4901CJ,Oosterhout
Middachten,45,"","",4901CJ,Oosterhout
Middachten,61,"","",4901CJ,Oosterhout
Middachten,63,"","",4901CJ,Oosterhout
Middachten,65,"","",4901CJ,Oosterhout
Middachten,67,"","",4901CJ,Oosterhout
Middachten,69,"","",4901CJ,Oosterhout
Weerdestein,11,"","",4901CK,Oosterhout
Weerdestein,13,"","",4901CK,Oosterhout
Weerdestein,15,"","",4901CK,Oosterhout
Weerdestein,17,"","",4901CK,Oosterhout
Weerdestein,19,"","",4901CK,Oosterhout
Weerdestein,21,"","",4901CK,Oosterhout
Weerdestein,23,"","",4901CK,Oosterhout
Weerdestein,25,"","",4901CK,Oosterhout
Weerdestein,27,"","",4901CK,Oosterhout
Weerdestein,29,"","",4901CK,Oosterhout
Weerdestein,31,"","",4901CK,Oosterhout
Weerdestein,33,"","",4901CK,Oosterhout
Weerdestein,35,"","",4901CK,Oosterhout
Weerdestein,37,"","",4901CK,Oosterhout
Weerdestein,39,"","",4901CK,Oosterhout
Weerdestein,41,"","",4901CK,Oosterhout
Weerdestein,43,"","",4901CK,Oosterhout
Weerdestein,5,"","",4901CK,Oosterhout
Weerdestein,7,"","",4901CK,Oosterhout
Weerdestein,9,"","",4901CK,Oosterhout
Weerdestein,45,"","",4901CL,Oosterhout
Weerdestein,47,"","",4901CL,Oosterhout
Weerdestein,49,"","",4901CL,Oosterhout
Weerdestein,51,"","",4901CL,Oosterhout
Weerdestein,53,"","",4901CL,Oosterhout
Weerdestein,55,"","",4901CL,Oosterhout
Weerdestein,61,"","",4901CL,Oosterhout
Weerdestein,63,"","",4901CL,Oosterhout
Weerdestein,65,"","",4901CL,Oosterhout
Weerdestein,67,"","",4901CL,Oosterhout
Weerdestein,69,"","",4901CL,Oosterhout
Weerdestein,71,"","",4901CL,Oosterhout
Weerdestein,73,"","",4901CL,Oosterhout
Weerdestein,75,"","",4901CL,Oosterhout
Weerdestein,77,"","",4901CL,Oosterhout
Weerdestein,79,"","",4901CL,Oosterhout
Weerdestein,10,"","",4901CM,Oosterhout
Weerdestein,12,"","",4901CM,Oosterhout
Weerdestein,16,"","",4901CM,Oosterhout
Weerdestein,18,"","",4901CM,Oosterhout
Weerdestein,2,"","",4901CM,Oosterhout
Weerdestein,20,"","",4901CM,Oosterhout
Weerdestein,22,"","",4901CM,Oosterhout
Weerdestein,24,"","",4901CM,Oosterhout
Weerdestein,26,"","",4901CM,Oosterhout
Weerdestein,30,"","",4901CM,Oosterhout
Weerdestein,32,"","",4901CM,Oosterhout
Weerdestein,34,"","",4901CM,Oosterhout
Weerdestein,36,"","",4901CM,Oosterhout
Weerdestein,4,"","",4901CM,Oosterhout
Weerdestein,6,"","",4901CM,Oosterhout
Weerdestein,8,"","",4901CM,Oosterhout
Weerdestein,40,"","",4901CN,Oosterhout
Weerdestein,42,"","",4901CN,Oosterhout
Weerdestein,44,"","",4901CN,Oosterhout
Weerdestein,46,"","",4901CN,Oosterhout
Weerdestein,48,"","",4901CN,Oosterhout
Weerdestein,50,"","",4901CN,Oosterhout
Weerdestein,60,"","",4901CN,Oosterhout
Weerdestein,62,"","",4901CN,Oosterhout
Weerdestein,66,"","",4901CN,Oosterhout
Weerdestein,68,"","",4901CN,Oosterhout
Wadestein,1,"","",4901CP,Oosterhout
Wadestein,10,"","",4901CP,Oosterhout
Wadestein,10,"",G01,4901CP,Oosterhout
Wadestein,10,"",G02,4901CP,Oosterhout
Wadestein,10,"",G03,4901CP,Oosterhout
Wadestein,10,"",G04,4901CP,Oosterhout
Wadestein,10,"",G05,4901CP,Oosterhout
Wadestein,10,"",G06,4901CP,Oosterhout
Wadestein,10,"",G07,4901CP,Oosterhout
Wadestein,10,"",G08,4901CP,Oosterhout
Wadestein,11,"","",4901CP,Oosterhout
Wadestein,13,"","",4901CP,Oosterhout
Wadestein,15,"","",4901CP,Oosterhout
Wadestein,18,"","",4901CP,Oosterhout
Wadestein,18,"",G01,4901CP,Oosterhout
Wadestein,18,"",G02,4901CP,Oosterhout
Wadestein,18,"",G03,4901CP,Oosterhout
Wadestein,18,"",G04,4901CP,Oosterhout
Wadestein,18,"",G05,4901CP,Oosterhout
Wadestein,2,"","",4901CP,Oosterhout
Wadestein,20,"","",4901CP,Oosterhout
Wadestein,22,"","",4901CP,Oosterhout
Wadestein,24,"","",4901CP,Oosterhout
Wadestein,3,"","",4901CP,Oosterhout
Wadestein,30,"","",4901CP,Oosterhout
Wadestein,32,"","",4901CP,Oosterhout
Wadestein,34,"","",4901CP,Oosterhout
Wadestein,36,"","",4901CP,Oosterhout
Wadestein,38,"","",4901CP,Oosterhout
Wadestein,4,"","",4901CP,Oosterhout
Wadestein,40,"","",4901CP,Oosterhout
Wadestein,42,"","",4901CP,Oosterhout
Wadestein,44,"","",4901CP,Oosterhout
Wadestein,5,"","",4901CP,Oosterhout
Wadestein,6,"","",4901CP,Oosterhout
Wadestein,7,"","",4901CP,Oosterhout
Wadestein,8,"","",4901CP,Oosterhout
Wadestein,9,"","",4901CP,Oosterhout
Oldenstein,1,"","",4901CR,Oosterhout
Oldenstein,10,"","",4901CR,Oosterhout
Oldenstein,11,"","",4901CR,Oosterhout
Oldenstein,12,"","",4901CR,Oosterhout
Oldenstein,13,"","",4901CR,Oosterhout
Oldenstein,14,"","",4901CR,Oosterhout
Oldenstein,2,"","",4901CR,Oosterhout
Oldenstein,3,"","",4901CR,Oosterhout
Oldenstein,4,"","",4901CR,Oosterhout
Oldenstein,5,"","",4901CR,Oosterhout
Oldenstein,6,"","",4901CR,Oosterhout
Oldenstein,7,"","",4901CR,Oosterhout
Oldenstein,8,"","",4901CR,Oosterhout
Oldenstein,9,"","",4901CR,Oosterhout
Wielestein,1,"","",4901CS,Oosterhout
Wielestein,10,"","",4901CS,Oosterhout
Wielestein,11,"","",4901CS,Oosterhout
Wielestein,12,"","",4901CS,Oosterhout
Wielestein,2,"","",4901CS,Oosterhout
Wielestein,3,"","",4901CS,Oosterhout
Wielestein,4,"","",4901CS,Oosterhout
Wielestein,5,"","",4901CS,Oosterhout
Wielestein,6,"","",4901CS,Oosterhout
Wielestein,7,"","",4901CS,Oosterhout
Wielestein,8,"","",4901CS,Oosterhout
Wielestein,9,"","",4901CS,Oosterhout
Arkelstein,1,"","",4901CT,Oosterhout
Arkelstein,10,"","",4901CT,Oosterhout
Arkelstein,12,"","",4901CT,Oosterhout
Arkelstein,2,"","",4901CT,Oosterhout
Arkelstein,3,"","",4901CT,Oosterhout
Arkelstein,4,"","",4901CT,Oosterhout
Arkelstein,5,"","",4901CT,Oosterhout
Arkelstein,6,"","",4901CT,Oosterhout
Arkelstein,7,"","",4901CT,Oosterhout
Arkelstein,8,"","",4901CT,Oosterhout
Arkelstein,9,"","",4901CT,Oosterhout
Ockenburg,1,"","",4901CV,Oosterhout
Ockenburg,11,"","",4901CV,Oosterhout
Ockenburg,13,"","",4901CV,Oosterhout
Ockenburg,15,"","",4901CV,Oosterhout
Ockenburg,17,"","",4901CV,Oosterhout
Ockenburg,19,"","",4901CV,Oosterhout
Ockenburg,21,"","",4901CV,Oosterhout
Ockenburg,23,"","",4901CV,Oosterhout
Ockenburg,25,"","",4901CV,Oosterhout
Ockenburg,27,"","",4901CV,Oosterhout
Ockenburg,29,"","",4901CV,Oosterhout
Ockenburg,3,"","",4901CV,Oosterhout
Ockenburg,31,"","",4901CV,Oosterhout
Ockenburg,33,"","",4901CV,Oosterhout
Ockenburg,35,"","",4901CV,Oosterhout
Ockenburg,37,"","",4901CV,Oosterhout
Ockenburg,39,"","",4901CV,Oosterhout
Ockenburg,41,"","",4901CV,Oosterhout
Ockenburg,43,"","",4901CV,Oosterhout
Ockenburg,45,"","",4901CV,Oosterhout
Ockenburg,47,"","",4901CV,Oosterhout
Ockenburg,49,"","",4901CV,Oosterhout
Ockenburg,5,"","",4901CV,Oosterhout
Ockenburg,51,"","",4901CV,Oosterhout
Ockenburg,53,"","",4901CV,Oosterhout
Ockenburg,7,"","",4901CV,Oosterhout
Ockenburg,9,"","",4901CV,Oosterhout
Ockenburg,10,"","",4901CW,Oosterhout
Ockenburg,12,"","",4901CW,Oosterhout
Ockenburg,14,"","",4901CW,Oosterhout
Ockenburg,16,"","",4901CW,Oosterhout
Ockenburg,18,"","",4901CW,Oosterhout
Ockenburg,2,"","",4901CW,Oosterhout
Ockenburg,20,"","",4901CW,Oosterhout
Ockenburg,24,"","",4901CW,Oosterhout
Ockenburg,26,"","",4901CW,Oosterhout
Ockenburg,28,"","",4901CW,Oosterhout
Ockenburg,30,"","",4901CW,Oosterhout
Ockenburg,4,"","",4901CW,Oosterhout
Ockenburg,6,"","",4901CW,Oosterhout
Ockenburg,8,"","",4901CW,Oosterhout
Nemelaer,1,"","",4901CX,Oosterhout
Nemelaer,10,"","",4901CX,Oosterhout
Nemelaer,11,"","",4901CX,Oosterhout
Nemelaer,12,"","",4901CX,Oosterhout
Nemelaer,14,"","",4901CX,Oosterhout
Nemelaer,16,"","",4901CX,Oosterhout
Nemelaer,2,"","",4901CX,Oosterhout
Nemelaer,3,"","",4901CX,Oosterhout
Nemelaer,4,"","",4901CX,Oosterhout
Nemelaer,5,"","",4901CX,Oosterhout
Nemelaer,6,"","",4901CX,Oosterhout
Nemelaer,7,"","",4901CX,Oosterhout
Nemelaer,8,"","",4901CX,Oosterhout
Nemelaer,9,"","",4901CX,Oosterhout
Nijenrode,1,"","",4901CZ,Oosterhout
Nijenrode,10,"","",4901CZ,Oosterhout
Nijenrode,11,"","",4901CZ,Oosterhout
Nijenrode,12,"","",4901CZ,Oosterhout
Nijenrode,14,"","",4901CZ,Oosterhout
Nijenrode,16,"","",4901CZ,Oosterhout
Nijenrode,18,"","",4901CZ,Oosterhout
Nijenrode,20,"","",4901CZ,Oosterhout
Nijenrode,22,"","",4901CZ,Oosterhout
Nijenrode,24,"","",4901CZ,Oosterhout
Nijenrode,26,"","",4901CZ,Oosterhout
Nijenrode,28,"","",4901CZ,Oosterhout
Nijenrode,3,"","",4901CZ,Oosterhout
Nijenrode,4,"","",4901CZ,Oosterhout
Nijenrode,5,"","",4901CZ,Oosterhout
Nijenrode,6,"","",4901CZ,Oosterhout
Nijenrode,7,"","",4901CZ,Oosterhout
Nijenrode,8,"","",4901CZ,Oosterhout
Nijenrode,9,"","",4901CZ,Oosterhout
Teilingen,1,"","",4901DA,Oosterhout
Teilingen,11,"","",4901DA,Oosterhout
Teilingen,13,"","",4901DA,Oosterhout
Teilingen,15,"","",4901DA,Oosterhout
Teilingen,17,"","",4901DA,Oosterhout
Teilingen,19,"","",4901DA,Oosterhout
Teilingen,21,"","",4901DA,Oosterhout
Teilingen,23,"","",4901DA,Oosterhout
Teilingen,25,"","",4901DA,Oosterhout
Teilingen,27,"","",4901DA,Oosterhout
Teilingen,29,"","",4901DA,Oosterhout
Teilingen,3,"","",4901DA,Oosterhout
Teilingen,31,"","",4901DA,Oosterhout
Teilingen,33,"","",4901DA,Oosterhout
Teilingen,35,"","",4901DA,Oosterhout
Teilingen,5,"","",4901DA,Oosterhout
Teilingen,7,"","",4901DA,Oosterhout
Teilingen,9,"","",4901DA,Oosterhout
Teilingen,10,"","",4901DB,Oosterhout
Teilingen,12,"","",4901DB,Oosterhout
Teilingen,14,"","",4901DB,Oosterhout
Teilingen,16,"","",4901DB,Oosterhout
Teilingen,18,"","",4901DB,Oosterhout
Teilingen,18,A,"",4901DB,Oosterhout
Teilingen,2,"","",4901DB,Oosterhout
Teilingen,20,"","",4901DB,Oosterhout
Teilingen,22,"","",4901DB,Oosterhout
Teilingen,24,"","",4901DB,Oosterhout
Teilingen,26,"","",4901DB,Oosterhout
Teilingen,28,"","",4901DB,Oosterhout
Teilingen,30,"","",4901DB,Oosterhout
Teilingen,32,"","",4901DB,Oosterhout
Teilingen,34,"","",4901DB,Oosterhout
Teilingen,36,"","",4901DB,Oosterhout
Teilingen,38,"","",4901DB,Oosterhout
Teilingen,4,"","",4901DB,Oosterhout
Teilingen,40,"","",4901DB,Oosterhout
Teilingen,42,"","",4901DB,Oosterhout
Teilingen,44,"","",4901DB,Oosterhout
Teilingen,46,"","",4901DB,Oosterhout
Teilingen,48,"","",4901DB,Oosterhout
Teilingen,50,"","",4901DB,Oosterhout
Teilingen,52,"","",4901DB,Oosterhout
Teilingen,54,"","",4901DB,Oosterhout
Teilingen,56,"","",4901DB,Oosterhout
Teilingen,58,"","",4901DB,Oosterhout
Teilingen,6,"","",4901DB,Oosterhout
Teilingen,60,"","",4901DB,Oosterhout
Teilingen,62,"","",4901DB,Oosterhout
Teilingen,64,"","",4901DB,Oosterhout
Teilingen,66,"","",4901DB,Oosterhout
Teilingen,68,"","",4901DB,Oosterhout
Teilingen,70,"","",4901DB,Oosterhout
Teilingen,72,"","",4901DB,Oosterhout
Teilingen,8,"","",4901DB,Oosterhout
Bronkhorst,1,"","",4901DC,Oosterhout
Bronkhorst,11,"","",4901DC,Oosterhout
Bronkhorst,15,"","",4901DC,Oosterhout
Bronkhorst,17,"","",4901DC,Oosterhout
Bronkhorst,19,"","",4901DC,Oosterhout
Bronkhorst,21,"","",4901DC,Oosterhout
Bronkhorst,23,"","",4901DC,Oosterhout
Bronkhorst,25,"","",4901DC,Oosterhout
Bronkhorst,27,"","",4901DC,Oosterhout
Bronkhorst,29,"","",4901DC,Oosterhout
Bronkhorst,3,"","",4901DC,Oosterhout
Bronkhorst,31,"","",4901DC,Oosterhout
Bronkhorst,33,"","",4901DC,Oosterhout
Bronkhorst,35,"","",4901DC,Oosterhout
Bronkhorst,5,"","",4901DC,Oosterhout
Bronkhorst,7,"","",4901DC,Oosterhout
Bronkhorst,9,"","",4901DC,Oosterhout
Bronkhorst,10,"","",4901DD,Oosterhout
Bronkhorst,12,"","",4901DD,Oosterhout
Bronkhorst,14,"","",4901DD,Oosterhout
Bronkhorst,16,"","",4901DD,Oosterhout
Bronkhorst,18,"","",4901DD,Oosterhout
Bronkhorst,2,"","",4901DD,Oosterhout
Bronkhorst,20,"","",4901DD,Oosterhout
Bronkhorst,22,"","",4901DD,Oosterhout
Bronkhorst,24,"","",4901DD,Oosterhout
Bronkhorst,26,"","",4901DD,Oosterhout
Bronkhorst,28,"","",4901DD,Oosterhout
Bronkhorst,30,"","",4901DD,Oosterhout
Bronkhorst,32,"","",4901DD,Oosterhout
Bronkhorst,34,"","",4901DD,Oosterhout
Bronkhorst,36,"","",4901DD,Oosterhout
Bronkhorst,38,"","",4901DD,Oosterhout
Bronkhorst,38,A,"",4901DD,Oosterhout
Bronkhorst,4,"","",4901DD,Oosterhout
Bronkhorst,40,"","",4901DD,Oosterhout
Bronkhorst,42,"","",4901DD,Oosterhout
Bronkhorst,44,"","",4901DD,Oosterhout
Bronkhorst,46,"","",4901DD,Oosterhout
Bronkhorst,48,"","",4901DD,Oosterhout
Bronkhorst,50,"","",4901DD,Oosterhout
Bronkhorst,52,"","",4901DD,Oosterhout
Bronkhorst,54,"","",4901DD,Oosterhout
Bronkhorst,6,"","",4901DD,Oosterhout
Bronkhorst,8,"","",4901DD,Oosterhout
Schaffelaar,1,"","",4901DE,Oosterhout
Schaffelaar,10,"","",4901DE,Oosterhout
Schaffelaar,2,"","",4901DE,Oosterhout
Schaffelaar,3,"","",4901DE,Oosterhout
Schaffelaar,4,"","",4901DE,Oosterhout
Schaffelaar,5,"","",4901DE,Oosterhout
Schaffelaar,6,"","",4901DE,Oosterhout
Schaffelaar,7,"","",4901DE,Oosterhout
Schaffelaar,8,"","",4901DE,Oosterhout
Schaffelaar,9,"","",4901DE,Oosterhout
Pasteurlaan,4,"","",4901DJ,Oosterhout
Sterkenburg,11,"","",4901WB,Oosterhout
Sterkenburg,13,"","",4901WB,Oosterhout
Sterkenburg,15,"","",4901WB,Oosterhout
Sterkenburg,17,"","",4901WB,Oosterhout
Sterkenburg,19,"","",4901WB,Oosterhout
Sterkenburg,21,"","",4901WB,Oosterhout
Sterkenburg,23,"","",4901WB,Oosterhout
Sterkenburg,25,"","",4901WB,Oosterhout
Sterkenburg,27,"","",4901WB,Oosterhout
Sterkenburg,29,"","",4901WB,Oosterhout
Sterkenburg,3,"","",4901WB,Oosterhout
Sterkenburg,31,"","",4901WB,Oosterhout
Sterkenburg,33,"","",4901WB,Oosterhout
Sterkenburg,35,"","",4901WB,Oosterhout
Sterkenburg,37,"","",4901WB,Oosterhout
Sterkenburg,39,"","",4901WB,Oosterhout
Sterkenburg,5,"","",4901WB,Oosterhout
Sterkenburg,7,"","",4901WB,Oosterhout
Sterkenburg,9,"","",4901WB,Oosterhout
Sterkenburg,41,"","",4901WC,Oosterhout
Sterkenburg,43,"","",4901WC,Oosterhout
Sterkenburg,45,"","",4901WC,Oosterhout
Sterkenburg,47,"","",4901WC,Oosterhout
Sterkenburg,49,"","",4901WC,Oosterhout
Sterkenburg,51,"","",4901WC,Oosterhout
Sterkenburg,53,"","",4901WC,Oosterhout
Sterkenburg,55,"","",4901WC,Oosterhout
Sterkenburg,57,"","",4901WC,Oosterhout
Sterkenburg,59,"","",4901WC,Oosterhout
Sterkenburg,63,"","",4901WC,Oosterhout
Sterkenburg,65,"","",4901WC,Oosterhout
Sterkenburg,67,"","",4901WC,Oosterhout
Sterkenburg,69,"","",4901WC,Oosterhout
Sterkenburg,71,"","",4901WC,Oosterhout
Sterkenburg,73,"","",4901WC,Oosterhout
Sterkenburg,75,"","",4901WC,Oosterhout
Sterkenburg,77,"","",4901WC,Oosterhout
Sterkenburg,79,"","",4901WC,Oosterhout
Sterkenburg,10,"","",4901WD,Oosterhout
Sterkenburg,12,"","",4901WD,Oosterhout
Sterkenburg,14,"","",4901WD,Oosterhout
Sterkenburg,18,"","",4901WD,Oosterhout
Sterkenburg,2,"","",4901WD,Oosterhout
Sterkenburg,20,"","",4901WD,Oosterhout
Sterkenburg,22,"","",4901WD,Oosterhout
Sterkenburg,24,"","",4901WD,Oosterhout
Sterkenburg,26,"","",4901WD,Oosterhout
Sterkenburg,28,"","",4901WD,Oosterhout
Sterkenburg,30,"","",4901WD,Oosterhout
Sterkenburg,32,"","",4901WD,Oosterhout
Sterkenburg,34,"","",4901WD,Oosterhout
Sterkenburg,36,"","",4901WD,Oosterhout
Sterkenburg,38,"","",4901WD,Oosterhout
Sterkenburg,4,"","",4901WD,Oosterhout
Sterkenburg,6,"","",4901WD,Oosterhout
Sterkenburg,8,"","",4901WD,Oosterhout
Sterkenburg,40,"","",4901WE,Oosterhout
Sterkenburg,42,"","",4901WE,Oosterhout
Sterkenburg,44,"","",4901WE,Oosterhout
Sterkenburg,46,"","",4901WE,Oosterhout
Sterkenburg,48,"","",4901WE,Oosterhout
Sterkenburg,50,"","",4901WE,Oosterhout
Sterkenburg,52,"","",4901WE,Oosterhout
Sterkenburg,54,"","",4901WE,Oosterhout
Sterkenburg,56,"","",4901WE,Oosterhout
Sterkenburg,58,"","",4901WE,Oosterhout
Sterkenburg,66,"","",4901WE,Oosterhout
Sterkenburg,68,"","",4901WE,Oosterhout
Sterkenburg,70,"","",4901WE,Oosterhout
Sterkenburg,72,"","",4901WE,Oosterhout
Denenburg,1,"","",4901WG,Oosterhout
Denenburg,10,"","",4901WG,Oosterhout
Denenburg,11,"","",4901WG,Oosterhout
Denenburg,12,"","",4901WG,Oosterhout
Denenburg,13,"","",4901WG,Oosterhout
Denenburg,14,"","",4901WG,Oosterhout
Denenburg,15,"","",4901WG,Oosterhout
Denenburg,16,"","",4901WG,Oosterhout
Denenburg,18,"","",4901WG,Oosterhout
Denenburg,2,"","",4901WG,Oosterhout
Denenburg,20,"","",4901WG,Oosterhout
Denenburg,22,"","",4901WG,Oosterhout
Denenburg,24,"","",4901WG,Oosterhout
Denenburg,26,"","",4901WG,Oosterhout
Denenburg,3,"","",4901WG,Oosterhout
Denenburg,4,"","",4901WG,Oosterhout
Denenburg,5,"","",4901WG,Oosterhout
Denenburg,6,"","",4901WG,Oosterhout
Denenburg,7,"","",4901WG,Oosterhout
Denenburg,8,"","",4901WG,Oosterhout
Denenburg,9,"","",4901WG,Oosterhout
Rustenburg,1,"","",4901WH,Oosterhout
Rustenburg,10,"","",4901WH,Oosterhout
Rustenburg,11,"","",4901WH,Oosterhout
Rustenburg,12,"","",4901WH,Oosterhout
Rustenburg,13,"","",4901WH,Oosterhout
Rustenburg,14,"","",4901WH,Oosterhout
Rustenburg,15,"","",4901WH,Oosterhout
Rustenburg,16,"","",4901WH,Oosterhout
Rustenburg,2,"","",4901WH,Oosterhout
Rustenburg,3,"","",4901WH,Oosterhout
Rustenburg,4,"","",4901WH,Oosterhout
Rustenburg,5,"","",4901WH,Oosterhout
Rustenburg,6,"","",4901WH,Oosterhout
Rustenburg,7,"","",4901WH,Oosterhout
Rustenburg,8,"","",4901WH,Oosterhout
Rustenburg,9,"","",4901WH,Oosterhout
Kronenburg,1,"","",4901WJ,Oosterhout
Kronenburg,10,"","",4901WJ,Oosterhout
Kronenburg,11,"","",4901WJ,Oosterhout
Kronenburg,12,"","",4901WJ,Oosterhout
Kronenburg,13,"","",4901WJ,Oosterhout
Kronenburg,14,"","",4901WJ,Oosterhout
Kronenburg,2,"","",4901WJ,Oosterhout
Kronenburg,3,"","",4901WJ,Oosterhout
Kronenburg,4,"","",4901WJ,Oosterhout
Kronenburg,5,"","",4901WJ,Oosterhout
Kronenburg,6,"","",4901WJ,Oosterhout
Kronenburg,7,"","",4901WJ,Oosterhout
Kronenburg,8,"","",4901WJ,Oosterhout
Kronenburg,9,"","",4901WJ,Oosterhout
Trompenburg,1,"","",4901WK,Oosterhout
Trompenburg,10,"","",4901WK,Oosterhout
Trompenburg,11,"","",4901WK,Oosterhout
Trompenburg,12,"","",4901WK,Oosterhout
Trompenburg,2,"","",4901WK,Oosterhout
Trompenburg,3,"","",4901WK,Oosterhout
Trompenburg,4,"","",4901WK,Oosterhout
Trompenburg,5,"","",4901WK,Oosterhout
Trompenburg,6,"","",4901WK,Oosterhout
Trompenburg,7,"","",4901WK,Oosterhout
Trompenburg,8,"","",4901WK,Oosterhout
Trompenburg,9,"","",4901WK,Oosterhout
Lunenburg,10,"","",4901WL,Oosterhout
Lunenburg,2,"","",4901WL,Oosterhout
Lunenburg,3,"","",4901WL,Oosterhout
Lunenburg,4,"","",4901WL,Oosterhout
Lunenburg,6,"","",4901WL,Oosterhout
Lunenburg,8,"","",4901WL,Oosterhout
Sandenburg,1,"",G01,4901WN,Oosterhout
Sandenburg,1,"",G02,4901WN,Oosterhout
Sandenburg,1,"",G03,4901WN,Oosterhout
Sandenburg,1,"",G04,4901WN,Oosterhout
Sandenburg,1,"",G05,4901WN,Oosterhout
Sandenburg,1,"",G06,4901WN,Oosterhout
Sandenburg,1,"",G07,4901WN,Oosterhout
Sandenburg,1,"",G08,4901WN,Oosterhout
Sandenburg,1,"",G09,4901WN,Oosterhout
Sandenburg,3,"","",4901WN,Oosterhout
Sandenburg,5,"","",4901WN,Oosterhout
Sandenburg,7,"","",4901WN,Oosterhout
Sandenburg,9,"","",4901WN,Oosterhout
Assumburg,1,"","",4901WP,Oosterhout
Assumburg,11,"","",4901WP,Oosterhout
Assumburg,2,"","",4901WP,Oosterhout
Assumburg,3,"","",4901WP,Oosterhout
Assumburg,4,"","",4901WP,Oosterhout
Assumburg,5,"","",4901WP,Oosterhout
Assumburg,6,"","",4901WP,Oosterhout
Assumburg,7,"","",4901WP,Oosterhout
Assumburg,9,"","",4901WP,Oosterhout
Kleppenburg,1,"","",4901WR,Oosterhout
Kleppenburg,1,"",G01,4901WR,Oosterhout
Kleppenburg,1,"",G02,4901WR,Oosterhout
Kleppenburg,1,"",G03,4901WR,Oosterhout
Kleppenburg,1,"",G04,4901WR,Oosterhout
Kleppenburg,1,"",G05,4901WR,Oosterhout
Kleppenburg,2,"","",4901WR,Oosterhout
Kleppenburg,3,"","",4901WR,Oosterhout
Kleppenburg,4,"","",4901WR,Oosterhout
Kleppenburg,5,"","",4901WR,Oosterhout
Kleppenburg,6,"","",4901WR,Oosterhout
Kleppenburg,7,"","",4901WR,Oosterhout
Kleppenburg,8,"","",4901WR,Oosterhout
Lochtenburg,1,"","",4901WS,Oosterhout
Lochtenburg,1,"",G01,4901WS,Oosterhout
Lochtenburg,1,"",G02,4901WS,Oosterhout
Lochtenburg,1,"",G03,4901WS,Oosterhout
Lochtenburg,1,"",G04,4901WS,Oosterhout
Lochtenburg,1,"",G05,4901WS,Oosterhout
Lochtenburg,10,"","",4901WS,Oosterhout
Lochtenburg,11,"","",4901WS,Oosterhout
Lochtenburg,12,"","",4901WS,Oosterhout
Lochtenburg,14,"","",4901WS,Oosterhout
Lochtenburg,2,"","",4901WS,Oosterhout
Lochtenburg,3,"","",4901WS,Oosterhout
Lochtenburg,4,"","",4901WS,Oosterhout
Lochtenburg,5,"","",4901WS,Oosterhout
Lochtenburg,6,"","",4901WS,Oosterhout
Lochtenburg,7,"","",4901WS,Oosterhout
Lochtenburg,8,"","",4901WS,Oosterhout
Lochtenburg,9,"","",4901WS,Oosterhout
Walenburg,1,"","",4901WT,Oosterhout
Walenburg,1,"",G01,4901WT,Oosterhout
Walenburg,1,"",G02,4901WT,Oosterhout
Walenburg,1,"",G03,4901WT,Oosterhout
Walenburg,1,"",G04,4901WT,Oosterhout
Walenburg,10,"","",4901WT,Oosterhout
Walenburg,11,"","",4901WT,Oosterhout
Walenburg,12,"","",4901WT,Oosterhout
Walenburg,13,"","",4901WT,Oosterhout
Walenburg,14,"","",4901WT,Oosterhout
Walenburg,15,"","",4901WT,Oosterhout
Walenburg,16,"","",4901WT,Oosterhout
Walenburg,17,"","",4901WT,Oosterhout
Walenburg,18,"","",4901WT,Oosterhout
Walenburg,18,A,"",4901WT,Oosterhout
Walenburg,2,"","",4901WT,Oosterhout
Walenburg,3,"","",4901WT,Oosterhout
Walenburg,4,"","",4901WT,Oosterhout
Walenburg,5,"","",4901WT,Oosterhout
Walenburg,6,"","",4901WT,Oosterhout
Walenburg,7,"","",4901WT,Oosterhout
Walenburg,8,"","",4901WT,Oosterhout
Walenburg,9,"","",4901WT,Oosterhout
Cannenburg,1,"","",4901WV,Oosterhout
Cannenburg,1,"",G01,4901WV,Oosterhout
Cannenburg,1,"",G02,4901WV,Oosterhout
Cannenburg,1,"",G03,4901WV,Oosterhout
Cannenburg,1,"",G04,4901WV,Oosterhout
Cannenburg,1,"",G05,4901WV,Oosterhout
Cannenburg,10,"","",4901WV,Oosterhout
Cannenburg,11,"","",4901WV,Oosterhout
Cannenburg,12,"","",4901WV,Oosterhout
Cannenburg,13,"","",4901WV,Oosterhout
Cannenburg,15,"","",4901WV,Oosterhout
Cannenburg,17,"","",4901WV,Oosterhout
Cannenburg,19,"","",4901WV,Oosterhout
Cannenburg,2,"","",4901WV,Oosterhout
Cannenburg,3,"","",4901WV,Oosterhout
Cannenburg,4,"","",4901WV,Oosterhout
Cannenburg,5,"","",4901WV,Oosterhout
Cannenburg,6,"","",4901WV,Oosterhout
Cannenburg,7,"","",4901WV,Oosterhout
Cannenburg,8,"","",4901WV,Oosterhout
Cannenburg,9,"","",4901WV,Oosterhout
Zuijlenburg,1,"","",4901XA,Oosterhout
Zuijlenburg,10,"","",4901XA,Oosterhout
Zuijlenburg,12,"","",4901XA,Oosterhout
Zuijlenburg,14,"","",4901XA,Oosterhout
Zuijlenburg,2,"","",4901XA,Oosterhout
Zuijlenburg,3,"","",4901XA,Oosterhout
Zuijlenburg,4,"","",4901XA,Oosterhout
Zuijlenburg,5,"","",4901XA,Oosterhout
Zuijlenburg,6,"","",4901XA,Oosterhout
Zuijlenburg,6,"",G01,4901XA,Oosterhout
Zuijlenburg,6,"",G02,4901XA,Oosterhout
Zuijlenburg,6,"",G03,4901XA,Oosterhout
Zuijlenburg,6,"",G04,4901XA,Oosterhout
Zuijlenburg,6,"",G05,4901XA,Oosterhout
Zuijlenburg,6,"",G06,4901XA,Oosterhout
Zuijlenburg,6,"",G07,4901XA,Oosterhout
Zuijlenburg,6,"",G08,4901XA,Oosterhout
Zuijlenburg,6,"",G09,4901XA,Oosterhout
Zuijlenburg,6,"",G10,4901XA,Oosterhout
Zuijlenburg,6,"",G11,4901XA,Oosterhout
Zuijlenburg,6,"",G12,4901XA,Oosterhout
Zuijlenburg,6,"",G13,4901XA,Oosterhout
Zuijlenburg,6,"",G14,4901XA,Oosterhout
Zuijlenburg,6,"",G15,4901XA,Oosterhout
Zuijlenburg,6,"",G16,4901XA,Oosterhout
Zuijlenburg,7,"","",4901XA,Oosterhout
Zuijlenburg,8,"","",4901XA,Oosterhout
Toutenburg,1,"","",4901XB,Oosterhout
Toutenburg,11,"","",4901XB,Oosterhout
Toutenburg,13,"","",4901XB,Oosterhout
Toutenburg,15,"","",4901XB,Oosterhout
Toutenburg,2,"","",4901XB,Oosterhout
Toutenburg,3,"","",4901XB,Oosterhout
Toutenburg,4,"","",4901XB,Oosterhout
Toutenburg,5,"","",4901XB,Oosterhout
Toutenburg,6,"","",4901XB,Oosterhout
Toutenburg,7,"","",4901XB,Oosterhout
Toutenburg,8,"","",4901XB,Oosterhout
Toutenburg,9,"","",4901XB,Oosterhout
Vreeburg,1,"","",4901XC,Oosterhout
Vreeburg,11,"","",4901XC,Oosterhout
Vreeburg,13,"","",4901XC,Oosterhout
Vreeburg,15,"","",4901XC,Oosterhout
Vreeburg,17,"","",4901XC,Oosterhout
Vreeburg,19,"","",4901XC,Oosterhout
Vreeburg,21,"","",4901XC,Oosterhout
Vreeburg,23,"","",4901XC,Oosterhout
Vreeburg,25,"","",4901XC,Oosterhout
Vreeburg,27,"","",4901XC,Oosterhout
Vreeburg,29,"","",4901XC,Oosterhout
Vreeburg,3,"","",4901XC,Oosterhout
Vreeburg,31,"","",4901XC,Oosterhout
Vreeburg,33,"","",4901XC,Oosterhout
Vreeburg,35,"","",4901XC,Oosterhout
Vreeburg,5,"","",4901XC,Oosterhout
Vreeburg,7,"","",4901XC,Oosterhout
Vreeburg,9,"","",4901XC,Oosterhout
Vreeburg,37,"","",4901XD,Oosterhout
Vreeburg,39,"","",4901XD,Oosterhout
Vreeburg,41,"","",4901XD,Oosterhout
Vreeburg,43,"","",4901XD,Oosterhout
Vreeburg,45,"","",4901XD,Oosterhout
Vreeburg,47,"","",4901XD,Oosterhout
Vreeburg,49,"","",4901XD,Oosterhout
Vreeburg,51,"","",4901XD,Oosterhout
Vreeburg,53,"","",4901XD,Oosterhout
Vreeburg,55,"","",4901XD,Oosterhout
Vreeburg,55,A,"",4901XD,Oosterhout
Vreeburg,57,"","",4901XD,Oosterhout
Vreeburg,59,"","",4901XD,Oosterhout
Vreeburg,61,"","",4901XD,Oosterhout
Vreeburg,63,"","",4901XD,Oosterhout
Vreeburg,65,"","",4901XD,Oosterhout
Vreeburg,67,"","",4901XD,Oosterhout
Vreeburg,69,"","",4901XD,Oosterhout
Vreeburg,71,"","",4901XD,Oosterhout
Vreeburg,73,"","",4901XD,Oosterhout
Vreeburg,75,"","",4901XD,Oosterhout
Vreeburg,77,"","",4901XD,Oosterhout
Vreeburg,10,"","",4901XE,Oosterhout
Vreeburg,12,"","",4901XE,Oosterhout
Vreeburg,14,"","",4901XE,Oosterhout
Vreeburg,16,"","",4901XE,Oosterhout
Vreeburg,18,"","",4901XE,Oosterhout
Vreeburg,2,"","",4901XE,Oosterhout
Vreeburg,20,"","",4901XE,Oosterhout
Vreeburg,22,"","",4901XE,Oosterhout
Vreeburg,24,"","",4901XE,Oosterhout
Vreeburg,4,"","",4901XE,Oosterhout
Vreeburg,6,"","",4901XE,Oosterhout
Vreeburg,8,"","",4901XE,Oosterhout
Vreeburg,26,"","",4901XG,Oosterhout
Vreeburg,28,"","",4901XG,Oosterhout
Vreeburg,30,"","",4901XG,Oosterhout
Vreeburg,32,"","",4901XG,Oosterhout
Vreeburg,34,"","",4901XG,Oosterhout
Vreeburg,36,"","",4901XG,Oosterhout
Vreeburg,38,"","",4901XG,Oosterhout
Vreeburg,40,"","",4901XG,Oosterhout
Vreeburg,42,"","",4901XG,Oosterhout
Vreeburg,44,"","",4901XG,Oosterhout
Vreeburg,46,"","",4901XG,Oosterhout
Vreeburg,48,"","",4901XG,Oosterhout
Vreeburg,52,"","",4901XG,Oosterhout
Vreeburg,52,"",G01,4901XG,Oosterhout
Vreeburg,52,"",G02,4901XG,Oosterhout
Vreeburg,52,"",G03,4901XG,Oosterhout
Vreeburg,52,"",G04,4901XG,Oosterhout
Vreeburg,52,"",G05,4901XG,Oosterhout
Vreeburg,52,"",G06,4901XG,Oosterhout
Vreeburg,52,"",G07,4901XG,Oosterhout
Vreeburg,52,"",G08,4901XG,Oosterhout
Vreeburg,52,"",G09,4901XG,Oosterhout
Vreeburg,54,"","",4901XG,Oosterhout
Vreeburg,56,"","",4901XG,Oosterhout
Vreeburg,58,"","",4901XG,Oosterhout
Vreeburg,60,"","",4901XG,Oosterhout
Vreeburg,60,A,"",4901XG,Oosterhout
